48,11,236.75,402.58,50.22,63.55,0.85,21,-1
49,9,431.23,318.90,59.74,51.85,0.85,6,-1
49,10,385.96,296.29,50.42,49.95,0.86,15,-1
49,11,236.66,403.74,49.09,62.09,0.85,21,-1
50,12,491.11,350.05,135.37,98.34,0.85,3,-1
50,9,430.31,318.93,58.26,50.51,0.87,6,-1
50,10,386.77,296.61,48.17,47.69,0.86,15,-1
50,11,237.98,404.72,47.64,60.18,0.87,21,-1
51,12,489.36,349.16,136.76,99.32,0.84,3,-1
51,9,430.28,319.40,56.92,49.23,0.89,6,-1
51,10,386.84,296.59,47.43,46.93,0.85,15,-1
51,11,238.18,404.95,47.39,59.75,0.88,21,-1
52,12,486.15,347.52,145.27,105.42,0.82,3,-1
52,9,427.43,320.18,56.24,48.50,0.87,6,-1
52,10,386.60,296.78,47.51,47.00,0.85,15,-1
52,11,238.16,403.80,48.63,61.13,0.86,21,-1
67,10,384.60,295.61,50.70,49.62,0.70,15,-1
68,9,425.39,318.89,60.07,51.83,0.76,6,-1
68,10,384.73,295.70,50.36,48.87,0.71,15,-1
69,9,423.85,318.48,61.26,52.83,0.81,6,-1
69,10,385.25,296.83,49.71,47.79,0.76,15,-1
69,11,235.49,397.12,55.50,69.24,0.65,21,-1
70,9,425.08,318.59,61.79,53.19,0.81,6,-1
70,10,386.06,296.64,50.64,48.43,0.75,15,-1
70,11,234.05,394.61,58.28,72.29,0.49,21,-1
71,9,425.29,317.79,62.41,53.44,0.82,6,-1
71,10,385.45,296.95,50.26,48.07,0.80,15,-1
71,11,235.80,397.78,54.55,67.43,0.82,21,-1
72,9,425.17,317.66,62.05,52.91,0.83,6,-1
72,10,385.19,297.13,50.37,48.06,0.79,15,-1
72,11,236.12,398.86,53.01,65.27,0.83,21,-1
73,9,425.83,318.23,61.67,52.45,0.80,6,-1
73,10,385.04,297.06,50.01,47.40,0.80,15,-1
73,11,237.28,399.93,51.76,63.49,0.84,21,-1
74,9,426.40,318.76,59.79,50.66,0.85,6,-1
74,10,385.20,297.26,49.89,47.04,0.81,15,-1
74,11,237.67,400.18,51.50,62.99,0.83,21,-1
75,9,426.03,318.68,59.65,50.27,0.86,6,-1
75,10,384.89,297.30,50.41,47.58,0.84,15,-1
75,11,236.54,399.38,53.54,65.33,0.82,21,-1
76,9,426.22,318.93,59.24,49.57,0.86,6,-1
76,10,384.08,296.80,51.30,48.68,0.85,15,-1
76,11,235.99,399.44,54.46,66.12,0.84,21,-1
77,12,491.64,346.73,136.61,97.77,0.73,3,-1
77,9,425.94,318.93,59.31,49.24,0.87,6,-1
77,10,384.54,296.58,50.83,48.42,0.84,15,-1
77,11,236.11,400.03,54.03,65.22,0.83,21,-1
78,12,492.21,350.18,131.50,95.56,0.59,3,-1
78,9,427.09,319.20,59.17,48.93,0.88,6,-1
78,10,383.31,296.49,51.32,49.35,0.86,15,-1
78,11,234.82,400.38,54.35,65.31,0.86,21,-1
79,12,493.10,350.88,128.41,93.46,0.62,3,-1
79,9,427.45,319.37,59.17,48.77,0.89,6,-1
79,10,383.34,296.29,50.88,49.39,0.88,15,-1
79,11,234.74,401.04,54.25,65.02,0.86,21,-1
80,12,490.60,348.50,135.45,99.06,0.53,3,-1
80,9,428.07,319.25,59.14,48.62,0.89,6,-1
80,10,383.15,296.08,51.16,50.06,0.88,15,-1
80,11,235.64,401.63,53.13,63.60,0.86,21,-1
81,12,489.45,350.98,131.17,97.13,0.65,3,-1
81,9,428.24,318.87,59.88,49.24,0.89,6,-1
81,10,383.27,295.96,51.33,50.61,0.87,15,-1
81,11,236.08,401.87,52.73,63.01,0.86,21,-1
82,12,491.87,352.24,128.36,95.21,0.43,3,-1
82,9,428.02,318.91,59.62,48.85,0.89,6,-1
82,10,383.47,295.87,50.90,50.60,0.88,15,-1
82,11,235.41,402.12,52.84,63.13,0.87,21,-1
83,12,492.87,350.06,138.20,101.93,0.35,3,-1
83,9,427.98,318.90,59.53,48.62,0.89,6,-1
83,10,384.03,295.92,50.41,50.46,0.88,15,-1
83,11,234.74,402.23,53.43,63.80,0.88,21,-1
84,12,496.57,351.64,138.30,101.53,0.28,3,-1
84,9,428.43,318.98,58.98,48.04,0.89,6,-1
84,10,384.36,296.04,49.85,50.18,0.88,15,-1
84,11,235.12,402.72,53.04,63.37,0.88,21,-1
85,12,499.43,354.32,135.24,98.47,0.45,3,-1
85,9,428.37,318.86,59.71,48.60,0.89,6,-1
85,10,384.71,296.14,49.25,49.81,0.87,15,-1
85,11,234.83,402.97,53.07,63.27,0.88,21,-1
86,12,498.79,348.79,140.38,103.36,0.26,3,-1
86,9,427.28,318.97,59.94,48.65,0.89,6,-1
86,10,384.63,296.23,49.12,49.94,0.88,15,-1
86,11,234.62,402.96,53.27,63.38,0.88,21,-1
87,12,496.81,337.54,148.15,110.70,0.41,3,-1
87,9,427.02,318.97,60.65,49.17,0.89,6,-1
87,10,384.70,296.32,48.83,49.84,0.87,15,-1
87,11,234.77,403.04,53.00,62.93,0.88,21,-1
88,9,426.86,318.92,61.18,49.56,0.90,6,-1
88,10,384.76,296.33,48.68,49.88,0.87,15,-1
88,11,234.78,403.06,52.96,62.77,0.88,21,-1
89,12,436.30,174.89,289.46,234.19,0.68,3,-1
89,9,426.92,318.99,61.25,49.56,0.89,6,-1
89,10,384.67,296.27,48.39,49.67,0.87,15,-1
89,11,234.77,403.09,52.99,62.71,0.88,21,-1
90,12,431.50,132.44,302.19,263.66,0.68,3,-1
90,9,426.79,318.71,61.63,49.78,0.90,6,-1
90,10,384.72,296.22,48.23,49.59,0.87,15,-1
90,11,234.76,403.09,53.04,62.67,0.88,21,-1
91,12,435.27,101.04,296.28,277.72,0.66,3,-1
91,9,426.79,318.50,62.07,50.02,0.90,6,-1
91,10,384.75,296.19,48.14,49.58,0.87,15,-1
91,11,234.66,403.05,53.18,62.76,0.88,21,-1
92,12,437.68,78.22,287.99,287.94,0.70,3,-1
92,9,426.60,318.38,62.59,50.38,0.90,6,-1
92,10,385.08,296.04,47.99,49.35,0.87,15,-1
92,11,234.57,402.90,53.50,63.09,0.88,21,-1
93,12,432.84,21.79,280.77,298.49,0.71,3,-1
93,9,426.55,318.23,62.86,50.56,0.89,6,-1
93,10,385.27,296.01,47.82,49.09,0.87,15,-1
93,11,234.55,402.83,53.69,63.27,0.88,21,-1
94,12,434.55,-3.74,248.18,278.25,0.72,3,-1
94,9,426.60,318.31,62.80,50.45,0.89,6,-1
94,10,385.03,296.01,47.90,49.26,0.87,15,-1
94,11,234.52,402.82,53.68,63.21,0.88,21,-1
95,12,430.72,-9.01,212.66,249.99,0.79,3,-1
95,9,426.75,318.25,62.81,50.46,0.89,6,-1
95,10,385.06,296.02,48.08,49.54,0.87,15,-1
95,11,234.62,402.88,53.61,63.08,0.88,21,-1
96,12,423.86,-7.47,183.65,226.65,0.79,3,-1
96,9,426.84,318.22,63.04,50.66,0.89,6,-1
96,10,385.32,295.90,48.14,49.53,0.87,15,-1
96,11,234.62,403.10,53.40,62.82,0.88,21,-1
97,12,417.83,0.95,159.99,205.83,0.78,3,-1
97,9,426.77,318.17,63.32,50.92,0.89,6,-1
97,10,385.52,295.91,48.09,49.42,0.87,15,-1
97,11,234.27,402.83,53.82,63.36,0.88,21,-1
98,12,408.40,3.07,146.77,197.42,0.85,3,-1
98,9,426.71,318.11,63.58,51.16,0.89,6,-1
98,10,385.54,295.88,48.05,49.30,0.87,15,-1
98,11,234.15,402.79,53.90,63.49,0.88,21,-1
99,12,414.91,20.47,127.48,175.98,0.87,3,-1
99,9,426.70,318.08,63.72,51.30,0.89,6,-1
99,10,385.38,295.79,48.32,49.52,0.87,15,-1
99,11,234.05,402.74,53.96,63.59,0.88,21,-1
100,12,424.29,49.70,107.21,147.21,0.88,3,-1
100,9,427.65,318.77,63.64,51.32,0.89,6,-1
100,10,386.15,296.26,47.06,48.15,0.86,15,-1
100,11,234.03,402.24,54.75,64.74,0.87,21,-1
101,12,439.72,83.50,86.09,113.89,0.88,3,-1
101,9,428.03,319.03,63.56,51.34,0.89,6,-1
101,10,386.43,296.45,46.62,47.64,0.86,15,-1
101,11,234.11,402.08,54.90,65.14,0.87,21,-1
102,12,455.97,104.70,73.55,91.23,0.88,3,-1
102,9,428.14,319.12,63.45,51.35,0.89,6,-1
102,10,386.50,296.50,46.56,47.52,0.86,15,-1
102,11,234.25,402.02,54.83,65.26,0.87,21,-1
103,12,483.89,113.19,67.66,78.52,0.88,3,-1
103,9,428.19,319.16,63.25,51.26,0.89,6,-1
103,10,386.51,296.55,46.59,47.51,0.86,15,-1
103,11,234.37,402.01,54.72,65.30,0.87,21,-1
104,12,500.25,110.42,68.19,75.85,0.88,3,-1
104,9,428.21,319.18,63.05,51.18,0.89,6,-1
104,10,386.42,296.47,46.76,47.68,0.86,15,-1
104,11,234.51,402.00,54.49,65.21,0.87,21,-1
105,12,510.52,103.09,72.46,78.02,0.87,3,-1
105,9,428.27,319.11,62.90,51.13,0.89,6,-1
105,10,386.34,296.40,46.94,47.86,0.86,15,-1
105,11,234.60,402.05,54.27,65.10,0.87,21,-1
106,12,518.55,97.20,73.02,76.84,0.80,3,-1
106,9,428.42,319.17,62.53,50.91,0.90,6,-1
106,10,386.23,296.30,47.10,48.00,0.86,15,-1
106,11,234.69,402.06,54.14,65.08,0.87,21,-1
107,12,526.58,94.21,71.07,72.92,0.73,3,-1
107,9,428.54,319.25,62.33,50.78,0.89,6,-1
107,10,386.19,296.28,47.15,48.04,0.86,15,-1
107,11,234.93,402.16,53.86,64.90,0.87,21,-1
108,12,562.33,83.72,51.23,53.04,0.71,3,-1
108,9,428.46,319.22,62.56,51.02,0.89,6,-1
108,10,386.24,296.39,47.07,47.91,0.86,15,-1
108,11,235.07,402.22,53.68,64.80,0.87,21,-1
109,12,575.22,76.55,42.66,44.20,0.84,3,-1
109,9,428.42,319.23,62.66,51.15,0.89,6,-1
109,10,386.22,296.45,47.04,47.85,0.86,15,-1
109,11,235.10,402.23,53.60,64.81,0.87,21,-1
110,12,574.89,70.37,42.92,44.60,0.86,3,-1
110,9,428.38,319.17,62.81,51.32,0.89,6,-1
110,10,386.17,296.46,47.08,47.86,0.87,15,-1
110,11,235.08,402.21,53.58,64.86,0.87,21,-1
111,12,574.51,68.52,42.91,45.25,0.86,3,-1
111,9,428.39,319.13,62.85,51.42,0.89,6,-1
111,10,386.13,296.47,47.14,47.89,0.87,15,-1
111,11,235.04,402.23,53.51,64.83,0.87,21,-1
112,12,571.97,68.37,42.50,45.41,0.86,3,-1
112,9,428.44,319.12,62.69,51.34,0.89,6,-1
112,10,386.12,296.50,47.09,47.81,0.87,15,-1
112,11,234.99,402.22,53.52,64.88,0.87,21,-1
113,12,566.33,67.65,42.44,45.98,0.85,3,-1
113,9,428.52,319.13,62.47,51.20,0.89,6,-1
113,10,386.10,296.50,47.09,47.77,0.87,15,-1
113,11,234.98,402.22,53.50,64.89,0.87,21,-1
114,12,562.78,68.10,40.58,44.42,0.87,3,-1
114,9,428.56,319.12,62.40,51.17,0.89,6,-1
114,10,386.10,296.51,47.04,47.69,0.87,15,-1
114,11,234.99,402.22,53.48,64.89,0.87,21,-1
115,12,559.34,69.17,39.95,43.93,0.86,3,-1
115,9,428.56,319.11,62.32,51.14,0.89,6,-1
115,10,386.10,296.53,47.02,47.63,0.87,15,-1
115,11,234.97,402.18,53.54,65.00,0.87,21,-1
116,12,556.03,69.09,40.23,44.53,0.87,3,-1
116,9,428.63,319.14,62.15,51.02,0.89,6,-1
116,10,386.08,296.51,47.02,47.59,0.87,15,-1
116,11,235.00,402.18,53.49,64.97,0.87,21,-1
117,12,554.92,71.35,38.26,42.29,0.86,3,-1
117,9,428.64,319.15,62.04,50.96,0.89,6,-1
117,10,386.06,296.51,47.04,47.57,0.87,15,-1
117,11,235.02,402.17,53.45,64.94,0.87,21,-1
118,12,552.09,73.53,39.19,43.12,0.85,3,-1
118,9,428.70,319.16,61.93,50.90,0.89,6,-1
118,10,385.99,296.49,47.10,47.60,0.87,15,-1
118,11,235.03,402.16,53.44,64.94,0.87,21,-1
119,12,549.14,74.22,40.72,44.51,0.85,3,-1
119,9,428.73,319.19,61.81,50.81,0.89,6,-1
119,10,386.01,296.50,47.06,47.54,0.87,15,-1
119,11,235.04,402.17,53.42,64.94,0.87,21,-1
120,12,547.90,76.13,42.06,46.10,0.87,3,-1
120,9,428.70,319.18,61.72,50.76,0.89,6,-1
120,10,386.03,296.53,47.03,47.46,0.87,15,-1
120,11,235.05,402.20,53.38,64.91,0.87,21,-1
121,12,547.39,78.28,42.11,46.53,0.87,3,-1
121,9,428.72,319.17,61.69,50.76,0.89,6,-1
121,10,386.02,296.52,47.06,47.46,0.87,15,-1
121,11,235.04,402.24,53.34,64.87,0.87,21,-1
122,12,546.49,80.03,42.04,46.87,0.88,3,-1
122,9,428.76,319.16,61.65,50.75,0.89,6,-1
122,10,385.99,296.51,47.12,47.48,0.87,15,-1
122,11,235.05,402.28,53.31,64.83,0.87,21,-1
123,12,543.32,80.89,43.58,49.15,0.88,3,-1
123,9,428.75,319.22,61.59,50.70,0.89,6,-1
123,10,385.94,296.51,47.12,47.45,0.87,15,-1
123,11,235.11,402.29,53.29,64.83,0.87,21,-1
124,12,541.43,81.73,44.48,50.80,0.88,3,-1
124,9,428.79,319.22,61.57,50.69,0.89,6,-1
124,10,385.87,296.53,47.21,47.53,0.87,15,-1
124,11,235.12,402.28,53.31,64.87,0.87,21,-1
125,12,540.62,83.35,44.37,51.19,0.88,3,-1
125,9,428.79,319.22,61.55,50.68,0.89,6,-1
125,10,385.83,296.54,47.26,47.57,0.87,15,-1
125,11,235.13,402.28,53.30,64.87,0.87,21,-1
126,12,539.65,85.16,43.81,50.97,0.88,3,-1
126,9,428.80,319.24,61.52,50.63,0.90,6,-1
126,10,385.84,296.57,47.21,47.48,0.87,15,-1
126,11,235.15,402.24,53.32,64.92,0.87,21,-1
127,12,538.11,86.61,44.20,51.81,0.88,3,-1
127,9,428.80,319.25,61.50,50.61,0.90,6,-1
127,10,385.83,296.60,47.21,47.45,0.87,15,-1
127,11,235.16,402.21,53.35,64.97,0.87,21,-1
128,12,536.03,89.70,43.92,51.84,0.88,3,-1
128,9,428.70,319.26,61.39,50.51,0.90,6,-1
128,10,385.86,296.61,47.11,47.31,0.87,15,-1
128,11,235.10,402.18,53.35,64.99,0.87,21,-1
129,12,534.15,90.99,44.06,52.45,0.87,3,-1
129,9,428.69,319.26,61.35,50.47,0.90,6,-1
129,10,385.86,296.60,47.09,47.27,0.87,15,-1
129,11,235.10,402.18,53.33,64.97,0.87,21,-1
130,12,531.75,92.17,44.86,53.93,0.88,3,-1
130,9,428.69,319.31,61.16,50.26,0.90,6,-1
130,10,385.85,296.64,47.13,47.29,0.87,15,-1
130,11,235.08,402.17,53.34,64.99,0.87,21,-1
131,12,529.16,93.14,45.45,54.96,0.88,3,-1
131,9,428.72,319.34,61.18,50.22,0.90,6,-1
131,10,385.94,296.71,47.12,47.25,0.87,15,-1
131,11,235.10,402.18,53.27,64.90,0.87,21,-1
132,12,526.73,94.46,45.99,55.87,0.86,3,-1
132,9,428.67,319.36,61.27,50.25,0.90,6,-1
132,10,385.08,296.92,47.94,48.22,0.86,15,-1
132,11,235.10,402.19,53.23,64.86,0.87,21,-1
133,12,523.35,97.59,45.59,55.64,0.89,3,-1
133,9,428.59,319.31,61.47,50.38,0.90,6,-1
133,10,384.83,297.01,48.15,48.59,0.86,15,-1
133,11,235.12,402.22,53.20,64.82,0.87,21,-1
134,12,520.70,100.38,45.04,54.97,0.89,3,-1
134,9,428.53,319.35,61.48,50.35,0.90,6,-1
134,10,384.85,297.08,48.02,48.58,0.86,15,-1
134,11,235.16,402.27,53.12,64.73,0.87,21,-1
135,12,518.83,103.04,44.38,53.97,0.87,3,-1
135,9,428.51,319.37,61.47,50.31,0.90,6,-1
135,10,384.90,297.13,47.88,48.56,0.86,15,-1
135,11,235.17,402.28,53.09,64.70,0.87,21,-1
136,12,517.69,105.93,43.11,52.12,0.88,3,-1
136,9,428.51,319.42,61.37,50.19,0.90,6,-1
136,10,384.82,297.10,47.88,48.66,0.86,15,-1
136,11,235.18,402.28,53.07,64.68,0.87,21,-1
137,12,516.35,106.84,43.50,52.33,0.87,3,-1
137,9,428.54,319.43,61.31,50.11,0.90,6,-1
137,10,384.81,297.10,47.86,48.72,0.86,15,-1
137,11,235.19,402.24,53.08,64.71,0.87,21,-1
138,12,512.66,108.84,44.14,52.93,0.88,3,-1
138,9,428.58,319.41,61.33,50.10,0.90,6,-1
138,10,384.87,297.12,47.83,48.76,0.86,15,-1
138,11,235.18,402.22,53.10,64.73,0.87,21,-1
139,12,510.49,111.42,43.47,51.86,0.87,3,-1
139,9,428.55,319.39,61.55,50.29,0.90,6,-1
139,10,385.00,297.10,47.70,48.68,0.86,15,-1
139,11,235.13,402.16,53.18,64.85,0.87,21,-1
140,12,509.36,115.42,41.34,48.72,0.86,3,-1
140,9,428.51,319.34,61.72,50.42,0.90,6,-1
140,10,385.06,297.07,47.63,48.66,0.86,15,-1
140,11,235.14,402.18,53.15,64.82,0.87,21,-1
141,12,507.24,118.96,39.41,45.94,0.85,3,-1
141,9,428.52,319.34,61.75,50.43,0.90,6,-1
141,10,385.08,297.05,47.57,48.64,0.86,15,-1
141,11,235.18,402.18,53.16,64.84,0.87,21,-1
142,12,504.71,120.60,39.28,45.30,0.85,3,-1
142,9,428.49,319.32,61.86,50.51,0.90,6,-1
142,10,385.07,297.04,47.59,48.70,0.86,15,-1
142,11,235.34,402.40,52.76,64.34,0.87,21,-1
143,12,499.06,123.05,39.70,45.84,0.85,3,-1
143,9,428.49,319.33,61.84,50.51,0.90,6,-1
143,10,385.04,297.03,47.56,48.70,0.86,15,-1
143,11,235.36,402.48,52.55,64.03,0.88,21,-1
144,12,495.72,126.98,37.72,43.23,0.83,3,-1
144,9,428.51,319.31,61.78,50.46,0.90,6,-1
144,10,384.99,297.02,47.58,48.74,0.86,15,-1
144,11,235.39,402.50,52.45,63.87,0.88,21,-1
145,12,493.06,129.93,36.03,40.84,0.84,3,-1
145,9,428.50,319.30,61.76,50.43,0.90,6,-1
145,10,384.96,297.02,47.58,48.75,0.86,15,-1
145,11,235.39,402.51,52.43,63.80,0.88,21,-1
146,12,490.98,131.52,35.55,39.94,0.84,3,-1
146,9,428.48,319.30,61.70,50.36,0.90,6,-1
146,10,385.00,297.04,47.57,48.75,0.86,15,-1
146,11,235.35,402.52,52.47,63.81,0.88,21,-1
147,12,488.52,133.01,34.83,38.83,0.84,3,-1
147,9,428.43,319.26,61.82,50.46,0.90,6,-1
147,10,384.97,297.02,47.59,48.80,0.86,15,-1
147,11,235.44,402.53,52.44,63.77,0.87,21,-1
148,12,484.83,134.38,34.75,38.41,0.85,3,-1
148,9,428.39,319.24,61.96,50.58,0.90,6,-1
148,10,384.97,297.03,47.62,48.85,0.86,15,-1
148,11,235.45,402.51,52.48,63.81,0.87,21,-1
149,12,482.94,136.83,33.85,36.87,0.85,3,-1
149,9,428.43,319.25,61.92,50.57,0.90,6,-1
149,10,384.97,297.03,47.66,48.90,0.86,15,-1
149,11,235.41,402.48,52.55,63.88,0.87,21,-1
150,12,481.11,137.97,32.67,35.18,0.84,3,-1
150,9,428.31,319.35,61.14,49.87,0.90,6,-1
150,10,385.15,296.04,47.75,48.85,0.85,15,-1
150,11,234.92,402.24,53.08,64.45,0.87,21,-1
151,12,478.62,138.45,33.65,35.52,0.83,3,-1
151,9,428.23,319.40,60.73,49.47,0.90,6,-1
151,10,385.19,295.66,47.85,48.82,0.85,15,-1
151,11,234.70,402.20,53.27,64.58,0.87,21,-1
152,12,476.51,138.92,33.95,35.21,0.83,3,-1
152,9,428.19,319.42,60.61,49.31,0.90,6,-1
152,10,385.19,295.54,47.91,48.76,0.85,15,-1
152,11,234.79,402.38,53.02,64.14,0.87,21,-1
153,12,473.29,139.93,33.24,33.98,0.84,3,-1
153,9,428.16,319.41,60.59,49.25,0.90,6,-1
153,10,385.15,295.51,48.02,48.77,0.85,15,-1
153,11,234.88,402.48,52.89,63.85,0.87,21,-1
154,12,470.29,140.78,33.35,33.57,0.83,3,-1
154,9,428.14,319.41,60.64,49.24,0.90,6,-1
154,10,385.12,295.51,48.09,48.74,0.85,15,-1
154,11,234.93,402.54,52.86,63.70,0.87,21,-1
155,12,468.03,141.31,34.64,34.40,0.82,3,-1
155,9,428.13,319.42,60.67,49.22,0.90,6,-1
155,10,385.12,295.53,48.14,48.70,0.85,15,-1
155,11,234.99,402.57,52.85,63.60,0.87,21,-1
156,12,466.29,141.13,34.82,34.31,0.82,3,-1
156,9,428.06,319.40,60.73,49.23,0.90,6,-1
156,10,385.12,295.55,48.16,48.62,0.85,15,-1
156,11,234.97,402.55,52.96,63.63,0.87,21,-1
157,12,463.89,140.63,35.47,34.94,0.81,3,-1
157,9,428.01,319.41,60.80,49.25,0.90,6,-1
157,10,385.11,295.58,48.19,48.56,0.85,15,-1
157,11,234.92,402.53,53.05,63.67,0.87,21,-1
158,12,460.52,140.66,36.78,36.07,0.80,3,-1
158,9,428.01,319.40,60.83,49.23,0.90,6,-1
158,10,385.06,295.58,48.30,48.60,0.85,15,-1
158,11,234.89,402.53,53.10,63.65,0.87,21,-1
159,12,458.48,141.45,36.69,35.87,0.79,3,-1
159,9,427.99,319.37,60.91,49.26,0.90,6,-1
159,10,385.00,295.59,48.40,48.62,0.85,15,-1
159,11,235.03,402.53,53.08,63.59,0.87,21,-1
160,12,457.08,142.26,36.54,35.58,0.80,3,-1
160,9,427.97,319.35,60.97,49.29,0.90,6,-1
160,10,384.95,295.57,48.49,48.64,0.85,15,-1
160,11,235.06,402.52,53.12,63.60,0.87,21,-1
161,12,455.19,142.63,37.39,36.32,0.81,3,-1
161,9,427.97,319.34,61.02,49.30,0.90,6,-1
161,10,384.90,295.56,48.60,48.69,0.85,15,-1
161,11,235.07,402.51,53.17,63.63,0.87,21,-1
162,12,454.47,143.54,36.75,35.30,0.81,3,-1
162,9,427.96,319.35,61.05,49.29,0.90,6,-1
162,10,384.90,295.58,48.64,48.66,0.85,15,-1
162,11,234.91,402.37,53.40,63.85,0.87,21,-1
163,12,452.61,144.76,36.01,34.16,0.81,3,-1
163,9,427.99,319.32,61.05,49.27,0.90,6,-1
163,10,384.96,295.66,48.56,48.50,0.85,15,-1
163,11,234.81,402.34,53.36,63.80,0.87,21,-1
164,12,451.59,145.31,35.68,33.54,0.81,3,-1
164,9,427.99,319.31,61.06,49.25,0.90,6,-1
164,10,384.96,295.69,48.57,48.43,0.85,15,-1
164,11,234.75,402.33,53.35,63.77,0.87,21,-1
165,12,450.78,144.87,36.39,33.89,0.81,3,-1
165,9,428.01,319.30,61.09,49.26,0.90,6,-1
165,10,384.91,295.69,48.65,48.45,0.85,15,-1
165,11,234.74,402.33,53.35,63.77,0.88,21,-1
166,12,450.61,144.81,36.51,33.81,0.81,3,-1
166,9,428.02,319.30,61.10,49.25,0.90,6,-1
166,10,384.89,295.73,48.63,48.35,0.85,15,-1
166,11,234.79,402.40,53.22,63.61,0.87,21,-1
167,12,450.81,144.62,36.64,33.69,0.80,3,-1
167,9,428.02,319.29,61.14,49.27,0.90,6,-1
167,10,384.86,295.75,48.62,48.27,0.85,15,-1
167,11,234.76,402.41,53.24,63.62,0.87,21,-1
168,12,452.32,143.76,37.08,33.80,0.80,3,-1
168,9,428.01,319.31,61.15,49.25,0.90,6,-1
168,10,384.85,295.74,48.64,48.22,0.85,15,-1
168,11,234.74,402.40,53.26,63.63,0.87,21,-1
169,12,453.36,143.16,37.73,34.19,0.81,3,-1
169,9,427.91,319.29,61.33,49.38,0.90,6,-1
169,10,384.81,295.73,48.66,48.18,0.85,15,-1
169,11,234.72,402.37,53.33,63.71,0.88,21,-1
170,12,453.99,142.39,39.05,35.26,0.81,3,-1
170,9,427.90,319.28,61.35,49.39,0.90,6,-1
170,10,384.78,295.73,48.71,48.18,0.85,15,-1
170,11,234.63,402.32,53.43,63.83,0.87,21,-1
171,12,454.36,141.74,40.31,36.33,0.81,3,-1
171,9,427.88,319.29,61.39,49.41,0.90,6,-1
171,10,384.75,295.70,48.76,48.17,0.85,15,-1
171,11,234.60,402.28,53.47,63.89,0.87,21,-1
172,12,454.91,141.42,40.87,36.74,0.81,3,-1
172,9,427.87,319.29,61.40,49.42,0.90,6,-1
172,10,384.71,295.69,48.80,48.18,0.85,15,-1
172,11,234.59,402.25,53.47,63.91,0.87,21,-1
173,12,455.73,141.16,41.06,36.75,0.81,3,-1
173,9,427.84,319.30,61.42,49.42,0.90,6,-1
173,10,384.67,295.64,48.88,48.23,0.85,15,-1
173,11,234.60,402.24,53.48,63.92,0.87,21,-1
174,12,455.86,140.67,41.43,36.97,0.80,3,-1
174,9,427.79,319.28,61.54,49.50,0.90,6,-1
174,10,384.67,295.63,48.92,48.24,0.85,15,-1
174,11,234.63,402.22,53.49,63.95,0.87,21,-1
175,12,456.24,140.75,41.16,36.54,0.80,3,-1
175,9,427.77,319.28,61.59,49.53,0.90,6,-1
175,10,384.67,295.63,48.92,48.20,0.85,15,-1
175,11,234.66,402.23,53.48,63.93,0.87,21,-1
176,12,456.00,140.19,41.44,36.68,0.81,3,-1
176,9,427.75,319.28,61.62,49.55,0.90,6,-1
176,10,384.67,295.63,48.95,48.20,0.85,15,-1
176,11,234.66,402.25,53.46,63.91,0.87,21,-1
177,12,456.09,140.07,40.85,36.12,0.81,3,-1
177,9,427.75,319.28,61.64,49.56,0.90,6,-1
177,10,384.66,295.64,48.95,48.16,0.85,15,-1
177,11,234.64,402.27,53.45,63.91,0.87,21,-1
178,12,456.41,139.97,40.33,35.57,0.81,3,-1
178,9,427.74,319.30,61.62,49.54,0.90,6,-1
178,10,384.65,295.67,48.93,48.11,0.85,15,-1
178,11,234.62,402.28,53.46,63.92,0.87,21,-1
179,12,456.46,139.94,40.28,35.50,0.81,3,-1
179,9,427.75,319.32,61.57,49.49,0.90,6,-1
179,10,384.62,295.67,48.96,48.12,0.85,15,-1
179,11,234.61,402.28,53.46,63.93,0.87,21,-1
180,12,456.77,139.95,40.03,35.22,0.81,3,-1
180,9,427.75,319.33,61.55,49.47,0.90,6,-1
180,10,384.59,295.63,49.03,48.18,0.85,15,-1
180,11,234.60,402.29,53.47,63.93,0.87,21,-1
181,12,457.86,140.11,39.18,34.41,0.82,3,-1
181,9,427.72,319.32,61.62,49.52,0.90,6,-1
181,10,384.58,295.61,49.05,48.18,0.85,15,-1
181,11,234.59,402.28,53.48,63.95,0.87,21,-1
182,12,459.14,140.36,38.46,33.66,0.82,3,-1
182,9,427.74,319.30,61.63,49.53,0.90,6,-1
182,10,384.49,295.58,49.10,48.22,0.85,15,-1
182,11,234.60,402.29,53.48,63.95,0.87,21,-1
183,12,462.16,139.66,38.47,33.61,0.83,3,-1
183,9,427.73,319.29,61.64,49.53,0.90,6,-1
183,10,384.45,295.57,49.15,48.25,0.85,15,-1
183,11,234.61,402.29,53.48,63.95,0.87,21,-1
184,12,464.02,138.37,39.40,34.38,0.84,3,-1
184,9,427.74,319.28,61.62,49.51,0.90,6,-1
184,10,384.43,295.58,49.20,48.28,0.85,15,-1
184,11,234.62,402.29,53.47,63.95,0.87,21,-1
185,12,465.41,136.96,40.68,35.64,0.84,3,-1
185,9,427.75,319.28,61.62,49.50,0.90,6,-1
185,10,384.41,295.57,49.28,48.35,0.85,15,-1
185,11,234.64,402.31,53.47,63.94,0.87,21,-1
186,12,466.89,133.56,43.76,38.66,0.85,3,-1
186,9,427.75,319.26,61.63,49.50,0.90,6,-1
186,10,384.42,295.57,49.35,48.40,0.85,15,-1
186,11,234.65,402.29,53.48,63.95,0.87,21,-1
187,12,468.50,130.39,46.34,41.48,0.84,3,-1
187,9,427.76,319.27,61.60,49.48,0.90,6,-1
187,10,384.42,295.56,49.37,48.41,0.85,15,-1
187,11,234.66,402.30,53.46,63.94,0.87,21,-1
188,12,472.59,127.89,46.98,42.75,0.85,3,-1
188,9,427.77,319.30,61.49,49.37,0.90,6,-1
188,10,384.40,295.54,49.39,48.42,0.85,15,-1
188,11,234.68,402.30,53.44,63.92,0.87,21,-1
189,12,475.32,125.81,47.81,44.27,0.85,3,-1
189,9,427.77,319.32,61.45,49.34,0.90,6,-1
189,10,384.42,295.52,49.41,48.43,0.85,15,-1
189,11,234.69,402.30,53.44,63.92,0.87,21,-1
190,12,477.43,124.02,48.08,45.25,0.85,3,-1
190,9,427.75,319.33,61.46,49.35,0.90,6,-1
190,10,384.43,295.50,49.52,48.54,0.85,15,-1
190,11,234.68,402.28,53.46,63.94,0.87,21,-1
191,12,479.68,123.72,46.98,44.80,0.84,3,-1
191,9,427.75,319.34,61.45,49.34,0.90,6,-1
191,10,384.48,295.50,49.47,48.49,0.85,15,-1
191,11,234.66,402.27,53.48,63.97,0.87,21,-1
192,12,481.78,124.59,45.20,43.60,0.84,3,-1
192,9,427.75,319.34,61.50,49.37,0.90,6,-1
192,10,384.51,295.52,49.42,48.44,0.85,15,-1
192,11,234.65,402.26,53.49,63.99,0.87,21,-1
193,12,484.32,124.52,43.97,42.93,0.83,3,-1
193,9,427.78,319.34,61.50,49.36,0.90,6,-1
193,10,384.52,295.53,49.39,48.40,0.85,15,-1
193,11,234.67,402.26,53.47,63.96,0.87,21,-1
194,12,486.74,124.99,42.08,41.36,0.83,3,-1
194,9,427.79,319.35,61.49,49.35,0.90,6,-1
194,10,384.56,295.56,49.33,48.33,0.85,15,-1
194,11,234.70,402.28,53.42,63.91,0.87,21,-1
195,12,489.06,126.15,39.76,39.09,0.83,3,-1
195,9,427.78,319.33,61.52,49.37,0.90,6,-1
195,10,384.57,295.59,49.31,48.30,0.85,15,-1
195,11,234.74,402.30,53.37,63.85,0.87,21,-1
196,12,491.01,128.71,37.03,36.16,0.83,3,-1
196,9,427.77,319.34,61.52,49.37,0.90,6,-1
196,10,384.59,295.61,49.26,48.23,0.85,15,-1
196,11,234.74,402.34,53.32,63.79,0.87,21,-1
197,12,492.36,131.78,34.47,33.30,0.82,3,-1
197,9,427.77,319.35,61.51,49.36,0.90,6,-1
197,10,384.59,295.61,49.23,48.17,0.85,15,-1
197,11,234.73,402.36,53.31,63.78,0.87,21,-1
198,12,493.31,136.03,31.51,29.98,0.80,3,-1
198,9,427.79,319.41,61.42,49.27,0.90,6,-1
198,10,384.52,295.55,49.25,48.18,0.85,15,-1
198,11,234.71,402.38,53.32,63.78,0.87,21,-1
199,12,493.48,139.80,28.77,26.92,0.78,3,-1
199,9,427.73,319.44,61.42,49.26,0.90,6,-1
199,10,384.49,295.57,49.27,48.17,0.85,15,-1
199,11,234.69,402.38,53.34,63.81,0.87,21,-1
200,12,493.49,142.55,26.60,24.34,0.75,3,-1
200,9,427.73,320.03,60.47,48.42,0.89,6,-1
200,10,384.70,295.62,49.22,48.26,0.87,15,-1
200,11,234.33,402.42,53.47,64.13,0.87,21,-1
201,12,493.04,144.62,25.82,22.90,0.37,3,-1
201,9,427.76,320.29,60.01,47.97,0.89,6,-1
201,10,384.86,295.65,49.04,48.22,0.87,15,-1
201,11,234.48,402.54,53.28,64.01,0.87,21,-1
202,9,427.73,320.38,59.93,47.85,0.89,6,-1
202,10,384.98,295.66,48.85,48.15,0.87,15,-1
202,11,234.60,402.60,53.13,63.94,0.87,21,-1
203,9,427.77,320.46,59.85,47.71,0.89,6,-1
203,10,385.11,295.69,48.62,48.02,0.87,15,-1
203,11,234.74,402.62,53.00,63.90,0.87,21,-1
204,9,427.76,320.49,59.89,47.68,0.89,6,-1
204,10,385.25,295.77,48.36,47.86,0.87,15,-1
204,11,234.88,402.65,52.86,63.80,0.87,21,-1
205,9,427.73,320.49,59.98,47.68,0.89,6,-1
205,10,385.36,295.84,48.14,47.73,0.87,15,-1
205,11,234.95,402.67,52.77,63.77,0.87,21,-1
206,9,427.67,320.48,60.10,47.72,0.89,6,-1
206,10,385.41,295.88,48.02,47.67,0.87,15,-1
206,11,235.04,402.66,52.66,63.69,0.87,21,-1
207,9,427.61,320.50,60.16,47.70,0.89,6,-1
207,10,385.42,295.86,48.04,47.78,0.87,15,-1
207,11,235.05,402.65,52.58,63.63,0.87,21,-1
208,9,427.59,320.53,60.16,47.63,0.89,6,-1
208,10,385.49,295.94,47.89,47.67,0.87,15,-1
208,11,235.07,402.60,52.54,63.63,0.87,21,-1
209,9,427.55,320.51,60.24,47.63,0.89,6,-1
209,10,385.52,295.96,47.82,47.66,0.87,15,-1
209,11,235.09,402.61,52.49,63.61,0.87,21,-1
210,9,427.48,320.51,60.33,47.64,0.89,6,-1
210,10,385.54,295.97,47.77,47.65,0.87,15,-1
210,11,235.17,402.63,52.42,63.57,0.87,21,-1
211,9,427.43,320.50,60.39,47.63,0.89,6,-1
211,10,385.56,295.96,47.69,47.61,0.87,15,-1
211,11,235.20,402.62,52.42,63.61,0.87,21,-1
212,9,427.38,320.51,60.44,47.62,0.90,6,-1
212,10,385.64,296.02,47.45,47.38,0.86,15,-1
212,11,235.21,402.61,52.42,63.63,0.87,21,-1
213,9,427.30,320.48,60.68,47.78,0.89,6,-1
213,10,385.64,296.03,47.39,47.33,0.86,15,-1
213,11,235.24,402.63,52.38,63.61,0.87,21,-1
214,9,427.29,320.44,60.85,47.88,0.89,6,-1
214,10,385.67,296.03,47.34,47.29,0.86,15,-1
214,11,235.25,402.62,52.38,63.63,0.87,21,-1
215,9,427.28,320.43,60.93,47.91,0.90,6,-1
215,10,385.69,296.04,47.28,47.23,0.86,15,-1
215,11,235.26,402.61,52.37,63.64,0.87,21,-1
216,9,427.22,320.40,61.09,48.04,0.90,6,-1
216,10,385.68,296.02,47.29,47.25,0.86,15,-1
216,11,235.25,402.58,52.38,63.66,0.87,21,-1
217,9,427.21,320.38,61.19,48.11,0.89,6,-1
217,10,385.66,296.00,47.33,47.30,0.86,15,-1
217,11,235.28,402.58,52.35,63.65,0.87,21,-1
218,9,427.22,320.37,61.21,48.11,0.89,6,-1
218,10,385.65,295.99,47.34,47.32,0.86,15,-1
218,11,235.29,402.57,52.34,63.65,0.87,21,-1
219,9,427.22,320.36,61.21,48.10,0.89,6,-1
219,10,385.63,295.98,47.37,47.34,0.86,15,-1
219,11,235.33,402.56,52.30,63.64,0.87,21,-1
220,9,427.19,320.35,61.21,48.08,0.89,6,-1
220,10,385.66,295.94,47.35,47.33,0.87,15,-1
220,11,235.35,402.55,52.27,63.64,0.87,21,-1
221,9,427.15,320.35,61.24,48.09,0.89,6,-1
221,10,385.66,295.91,47.37,47.37,0.87,15,-1
221,11,235.40,402.53,52.25,63.64,0.87,21,-1
222,9,427.08,320.33,61.34,48.16,0.89,6,-1
222,10,385.62,295.85,47.45,47.47,0.87,15,-1
222,11,235.42,402.52,52.24,63.65,0.87,21,-1
223,9,427.03,320.30,61.44,48.22,0.89,6,-1
223,10,385.58,295.80,47.53,47.57,0.87,15,-1
223,11,235.44,402.52,52.20,63.63,0.87,21,-1
224,9,427.01,320.31,61.47,48.24,0.89,6,-1
224,10,385.59,295.78,47.55,47.62,0.87,15,-1
224,11,235.48,402.52,52.17,63.60,0.87,21,-1
225,9,427.02,320.34,61.50,48.26,0.89,6,-1
225,10,385.61,295.82,47.46,47.55,0.86,15,-1
225,11,235.49,402.53,52.14,63.59,0.87,21,-1
226,9,427.02,320.32,61.55,48.28,0.89,6,-1
226,10,385.58,295.82,47.46,47.56,0.86,15,-1
226,11,235.50,402.53,52.12,63.57,0.87,21,-1
227,9,427.01,320.31,61.55,48.27,0.89,6,-1
227,10,385.55,295.82,47.49,47.61,0.86,15,-1
227,11,235.50,402.53,52.11,63.57,0.87,21,-1
228,9,427.01,320.32,61.55,48.25,0.89,6,-1
228,10,385.57,295.85,47.42,47.56,0.86,15,-1
228,11,235.52,402.54,52.09,63.55,0.87,21,-1
229,9,426.99,320.31,61.59,48.26,0.89,6,-1
229,10,385.62,295.87,47.37,47.52,0.86,15,-1
229,11,235.50,402.50,52.10,63.58,0.87,21,-1
230,9,427.01,320.30,61.61,48.27,0.89,6,-1
230,10,385.61,295.89,47.37,47.53,0.86,15,-1
230,11,235.49,402.49,52.10,63.59,0.87,21,-1
231,9,427.02,320.30,61.61,48.27,0.89,6,-1
231,10,385.60,295.88,47.39,47.56,0.87,15,-1
231,11,235.48,402.48,52.10,63.59,0.87,21,-1
232,9,427.04,320.29,61.64,48.28,0.89,6,-1
232,10,385.59,295.88,47.39,47.57,0.86,15,-1
232,11,235.48,402.48,52.09,63.59,0.87,21,-1
233,9,427.04,320.29,61.65,48.28,0.89,6,-1
233,10,385.58,295.87,47.38,47.58,0.86,15,-1
233,11,235.48,402.48,52.09,63.58,0.87,21,-1
234,9,427.04,320.30,61.64,48.27,0.89,6,-1
234,10,385.59,295.88,47.35,47.55,0.86,15,-1
234,11,235.49,402.49,52.07,63.57,0.87,21,-1
235,9,427.08,320.31,61.56,48.19,0.89,6,-1
235,10,385.60,295.88,47.32,47.53,0.86,15,-1
235,11,235.48,402.49,52.06,63.56,0.87,21,-1
236,9,427.09,320.32,61.52,48.15,0.89,6,-1
236,10,385.62,295.89,47.28,47.50,0.87,15,-1
236,11,235.48,402.49,52.06,63.55,0.87,21,-1
237,9,427.09,320.32,61.54,48.15,0.89,6,-1
237,10,385.60,295.86,47.31,47.54,0.87,15,-1
237,11,235.48,402.49,52.06,63.55,0.87,21,-1
238,9,427.07,320.31,61.59,48.18,0.89,6,-1
238,10,385.58,295.85,47.31,47.54,0.86,15,-1
238,11,235.50,402.49,52.04,63.53,0.87,21,-1
239,9,427.06,320.30,61.64,48.22,0.89,6,-1
239,10,385.54,295.82,47.37,47.61,0.86,15,-1
239,11,235.50,402.50,52.04,63.53,0.87,21,-1
240,9,427.03,320.29,61.71,48.27,0.89,6,-1
240,10,385.50,295.78,47.45,47.70,0.86,15,-1
240,11,235.49,402.49,52.05,63.54,0.87,21,-1
241,9,427.04,320.30,61.69,48.25,0.89,6,-1
241,10,385.50,295.76,47.45,47.70,0.86,15,-1
241,11,235.50,402.51,52.03,63.52,0.87,21,-1
242,9,427.02,320.28,61.74,48.28,0.89,6,-1
242,10,385.45,295.71,47.54,47.81,0.86,15,-1
242,11,235.49,402.51,52.04,63.53,0.87,21,-1
243,9,427.00,320.26,61.78,48.32,0.89,6,-1
243,10,385.40,295.69,47.65,47.93,0.86,15,-1
243,11,235.49,402.50,52.05,63.54,0.87,21,-1
244,9,427.00,320.27,61.78,48.31,0.89,6,-1
244,10,385.40,295.70,47.65,47.94,0.86,15,-1
244,11,235.49,402.50,52.04,63.53,0.87,21,-1
245,9,427.00,320.24,61.80,48.32,0.89,6,-1
245,10,385.40,295.70,47.65,47.95,0.86,15,-1
245,11,235.48,402.46,52.07,63.57,0.87,21,-1
246,9,426.98,320.22,61.85,48.37,0.89,6,-1
246,10,385.39,295.70,47.70,48.01,0.86,15,-1
246,11,235.46,402.43,52.11,63.62,0.87,21,-1
247,9,426.99,320.22,61.82,48.35,0.89,6,-1
247,10,385.41,295.72,47.65,47.97,0.86,15,-1
247,11,235.46,402.43,52.12,63.62,0.87,21,-1
248,9,427.00,320.24,61.78,48.32,0.89,6,-1
248,10,385.44,295.75,47.59,47.90,0.86,15,-1
248,11,235.45,402.43,52.12,63.63,0.87,21,-1
249,9,427.02,320.25,61.73,48.29,0.89,6,-1
249,10,385.47,295.77,47.53,47.84,0.86,15,-1
249,11,235.47,402.44,52.11,63.61,0.87,21,-1
250,9,426.48,319.66,62.30,48.79,0.89,6,-1
250,10,384.63,295.78,48.08,48.45,0.85,15,-1
250,11,234.63,402.21,52.98,64.73,0.87,21,-1
251,13,469.78,156.27,31.94,22.46,0.75,3,-1
251,9,426.27,319.44,62.54,49.03,0.89,6,-1
251,10,384.33,295.79,48.27,48.69,0.85,15,-1
251,11,234.32,402.14,53.26,65.12,0.87,21,-1
252,13,469.17,156.49,31.92,22.45,0.74,3,-1
252,9,426.22,319.36,62.56,49.09,0.89,6,-1
252,10,384.25,295.80,48.28,48.73,0.85,15,-1
252,11,234.21,402.13,53.34,65.26,0.87,21,-1
253,13,468.54,157.16,31.76,22.35,0.72,3,-1
253,9,426.22,319.34,62.52,49.11,0.89,6,-1
253,10,384.26,295.81,48.19,48.67,0.85,15,-1
253,11,234.20,402.13,53.34,65.29,0.87,21,-1
254,13,468.43,158.12,31.10,21.90,0.71,3,-1
254,9,426.23,319.33,62.50,49.14,0.89,6,-1
254,10,384.24,295.80,48.20,48.71,0.85,15,-1
254,11,234.20,402.12,53.33,65.31,0.87,21,-1
255,13,468.37,158.72,30.60,21.58,0.69,3,-1
255,9,426.26,319.33,62.46,49.15,0.89,6,-1
255,10,384.44,296.02,48.25,48.71,0.85,15,-1
255,11,234.21,402.12,53.31,65.31,0.87,21,-1
256,13,468.56,158.99,30.26,21.38,0.68,3,-1
256,9,426.29,319.33,62.39,49.13,0.89,6,-1
256,10,384.51,296.10,48.29,48.71,0.85,15,-1
256,11,234.23,402.13,53.28,65.30,0.87,21,-1
257,13,468.28,159.14,30.34,21.46,0.68,3,-1
257,9,426.32,319.32,62.33,49.12,0.89,6,-1
257,10,384.51,296.13,48.35,48.73,0.85,15,-1
257,11,234.24,402.13,53.26,65.30,0.87,21,-1
258,13,468.20,158.99,30.55,21.65,0.69,3,-1
258,9,426.36,319.32,62.26,49.10,0.89,6,-1
258,10,384.50,296.14,48.40,48.74,0.85,15,-1
258,11,234.25,402.13,53.24,65.29,0.87,21,-1
259,13,468.64,158.35,31.01,22.00,0.71,3,-1
259,9,426.37,319.32,62.24,49.11,0.89,6,-1
259,10,384.48,296.13,48.47,48.78,0.85,15,-1
259,11,234.26,402.13,53.22,65.30,0.87,21,-1
260,13,469.36,158.18,30.63,21.68,0.72,3,-1
260,9,426.38,319.32,62.21,49.11,0.89,6,-1
260,10,384.47,296.13,48.51,48.79,0.85,15,-1
260,11,234.24,402.13,53.22,65.31,0.87,21,-1
261,13,469.68,157.50,31.69,22.41,0.75,3,-1
261,9,426.41,319.32,62.17,49.10,0.89,6,-1
261,10,384.45,296.14,48.54,48.79,0.85,15,-1
261,11,234.24,402.13,53.21,65.30,0.87,21,-1
262,13,469.70,155.92,33.10,23.46,0.79,3,-1
262,9,426.41,319.31,62.18,49.12,0.89,6,-1
262,10,384.43,296.14,48.59,48.81,0.85,15,-1
262,11,234.24,402.13,53.19,65.29,0.87,21,-1
263,13,470.88,154.74,32.90,23.45,0.77,3,-1
263,9,426.42,319.31,62.18,49.14,0.89,6,-1
263,10,384.39,296.13,48.65,48.86,0.85,15,-1
263,11,234.24,402.13,53.19,65.30,0.87,21,-1
264,13,471.43,153.34,34.18,24.52,0.78,3,-1
264,9,426.41,319.29,62.22,49.19,0.89,6,-1
264,10,384.35,296.12,48.74,48.92,0.85,15,-1
264,11,234.23,402.13,53.18,65.31,0.87,21,-1
265,13,471.29,152.18,35.62,25.85,0.77,3,-1
265,9,426.41,319.29,62.21,49.20,0.89,6,-1
265,10,384.33,296.12,48.77,48.94,0.85,15,-1
265,11,234.23,402.13,53.17,65.30,0.87,21,-1
266,13,471.59,151.09,36.28,26.72,0.76,3,-1
266,9,426.56,319.27,62.39,49.34,0.89,6,-1
266,10,384.31,296.12,48.82,48.98,0.85,15,-1
266,11,234.24,402.14,53.16,65.30,0.87,21,-1
267,13,471.42,149.64,37.11,27.87,0.77,3,-1
267,9,426.46,319.28,62.28,49.27,0.89,6,-1
267,10,384.30,296.12,48.83,48.97,0.85,15,-1
267,11,234.24,402.13,53.15,65.30,0.87,21,-1
268,13,473.62,148.73,36.46,27.63,0.77,3,-1
268,9,426.60,319.29,62.37,49.33,0.89,6,-1
268,10,384.28,296.11,48.88,49.01,0.85,15,-1
268,11,234.24,402.12,53.17,65.33,0.87,21,-1
269,13,474.65,147.93,36.64,28.08,0.79,3,-1
269,9,426.62,319.28,62.48,49.40,0.89,6,-1
269,10,384.26,296.12,48.91,49.02,0.85,15,-1
269,11,234.24,402.11,53.17,65.34,0.87,21,-1
270,13,476.23,147.23,36.37,28.07,0.79,3,-1
270,9,426.65,319.30,62.48,49.38,0.89,6,-1
270,10,384.28,296.13,48.87,48.97,0.85,15,-1
270,11,234.25,402.12,53.16,65.33,0.87,21,-1
271,13,477.52,146.59,35.87,27.71,0.78,3,-1
271,9,426.65,319.31,62.49,49.38,0.89,6,-1
271,10,384.30,296.14,48.83,48.92,0.85,15,-1
271,11,234.25,402.11,53.16,65.33,0.87,21,-1
272,13,478.48,145.57,35.72,27.71,0.79,3,-1
272,9,426.65,319.31,62.52,49.39,0.89,6,-1
272,10,384.31,296.14,48.81,48.87,0.85,15,-1
272,11,234.25,402.10,53.16,65.35,0.87,21,-1
273,13,479.89,143.08,38.06,29.71,0.80,3,-1
273,9,426.62,319.30,62.58,49.43,0.89,6,-1
273,10,384.28,296.14,48.87,48.92,0.85,15,-1
273,11,234.25,402.10,53.15,65.34,0.87,21,-1
274,13,480.75,141.71,38.68,30.53,0.81,3,-1
274,9,426.61,319.30,62.60,49.44,0.89,6,-1
274,10,384.25,296.13,48.91,48.94,0.85,15,-1
274,11,234.24,402.11,53.16,65.35,0.87,21,-1
275,13,482.92,140.79,38.68,30.86,0.82,3,-1
275,9,426.62,319.31,62.58,49.41,0.89,6,-1
275,10,384.24,296.13,48.92,48.94,0.85,15,-1
275,11,234.22,402.11,53.17,65.37,0.87,21,-1
276,13,484.15,139.61,39.27,31.73,0.82,3,-1
276,9,426.57,319.30,62.62,49.43,0.89,6,-1
276,10,384.21,296.13,48.97,48.99,0.85,15,-1
276,11,234.21,402.10,53.19,65.39,0.87,21,-1
277,13,486.08,138.90,39.57,32.36,0.81,3,-1
277,9,426.58,319.30,62.64,49.44,0.89,6,-1
277,10,384.19,296.12,49.07,49.09,0.85,15,-1
277,11,234.22,402.10,53.17,65.38,0.87,21,-1
278,13,488.33,137.27,39.82,32.93,0.81,3,-1
278,9,426.56,319.29,62.71,49.49,0.89,6,-1
278,10,384.15,296.12,49.14,49.15,0.85,15,-1
278,11,234.23,402.09,53.18,65.38,0.87,21,-1
279,13,489.88,136.54,39.14,32.71,0.80,3,-1
279,9,426.59,319.28,62.72,49.50,0.89,6,-1
279,10,384.17,296.12,49.14,49.16,0.85,15,-1
279,11,234.26,402.09,53.16,65.37,0.87,21,-1
280,13,491.59,136.13,38.93,32.73,0.80,3,-1
280,9,426.59,319.27,62.74,49.52,0.89,6,-1
280,10,384.18,296.13,49.14,49.16,0.85,15,-1
280,11,234.27,402.11,53.11,65.30,0.88,21,-1
281,13,492.89,135.53,38.35,32.41,0.80,3,-1
281,9,426.59,319.26,62.75,49.54,0.89,6,-1
281,10,384.17,296.13,49.18,49.20,0.85,15,-1
281,11,234.28,402.11,53.10,65.28,0.88,21,-1
282,13,493.67,134.36,38.72,33.01,0.81,3,-1
282,9,426.60,319.27,62.76,49.54,0.89,6,-1
282,10,384.20,296.13,49.15,49.17,0.85,15,-1
282,11,234.28,402.11,53.13,65.29,0.87,21,-1
283,13,495.00,133.25,38.90,33.42,0.82,3,-1
283,9,426.58,319.26,62.80,49.57,0.89,6,-1
283,10,384.20,296.13,49.17,49.20,0.85,15,-1
283,11,234.29,402.10,53.15,65.30,0.87,21,-1
284,13,495.80,132.82,38.43,33.20,0.81,3,-1
284,9,426.55,319.25,62.84,49.60,0.89,6,-1
284,10,384.21,296.13,49.18,49.20,0.85,15,-1
284,11,234.30,402.09,53.17,65.32,0.87,21,-1
285,13,496.49,132.68,37.74,32.74,0.81,3,-1
285,9,426.56,319.25,62.82,49.58,0.89,6,-1
285,10,384.24,296.13,49.13,49.16,0.85,15,-1
285,11,234.29,402.05,53.20,65.35,0.87,21,-1
286,13,497.48,132.94,36.75,31.87,0.81,3,-1
286,9,426.59,319.26,62.74,49.52,0.89,6,-1
286,10,384.28,296.11,49.10,49.11,0.85,15,-1
286,11,234.28,402.04,53.26,65.40,0.88,21,-1
287,13,498.63,132.96,36.44,31.52,0.82,3,-1
287,9,426.58,319.25,62.75,49.52,0.89,6,-1
287,10,384.26,296.09,49.18,49.20,0.85,15,-1
287,11,234.27,402.04,53.29,65.43,0.87,21,-1
288,13,499.67,133.42,35.87,30.91,0.79,3,-1
288,9,426.57,319.25,62.76,49.52,0.88,6,-1
288,10,384.26,296.08,49.19,49.21,0.85,15,-1
288,11,234.27,402.01,53.33,65.47,0.88,21,-1
289,13,500.84,133.59,35.52,30.47,0.80,3,-1
289,9,426.57,319.24,62.76,49.52,0.88,6,-1
289,10,384.28,296.04,49.16,49.19,0.85,15,-1
289,11,234.28,402.01,53.34,65.47,0.87,21,-1
290,13,502.12,134.01,34.11,29.02,0.80,3,-1
290,9,426.52,319.23,62.85,49.60,0.88,6,-1
290,10,384.32,296.03,49.12,49.15,0.85,15,-1
290,11,234.26,402.01,53.36,65.47,0.88,21,-1
291,13,503.17,133.42,34.33,29.07,0.80,3,-1
291,9,426.51,319.23,62.87,49.62,0.88,6,-1
291,10,384.34,296.02,49.10,49.14,0.85,15,-1
291,11,234.23,401.99,53.41,65.50,0.87,21,-1
292,13,504.69,133.13,33.94,28.38,0.81,3,-1
292,9,426.53,319.25,62.83,49.59,0.89,6,-1
292,10,384.36,296.01,49.08,49.12,0.85,15,-1
292,11,234.19,401.98,53.43,65.52,0.88,21,-1
293,13,505.65,131.98,34.37,28.51,0.78,3,-1
293,9,426.52,319.24,62.85,49.60,0.88,6,-1
293,10,384.35,295.99,49.08,49.12,0.85,15,-1
293,11,234.19,402.04,53.40,65.47,0.88,21,-1
294,13,506.41,131.14,35.73,29.64,0.77,3,-1
294,9,426.54,319.26,62.80,49.56,0.88,6,-1
294,10,384.37,295.99,49.04,49.08,0.85,15,-1
294,11,234.18,402.11,53.36,65.40,0.87,21,-1
295,13,507.19,130.53,35.96,29.82,0.75,3,-1
295,9,426.53,319.26,62.79,49.55,0.88,6,-1
295,10,384.38,296.00,49.00,49.04,0.85,15,-1
295,11,234.14,402.13,53.40,65.42,0.87,21,-1
296,13,507.35,128.74,37.71,31.37,0.58,3,-1
296,9,426.56,319.25,62.79,49.54,0.88,6,-1
296,10,384.37,296.02,49.01,49.04,0.85,15,-1
296,11,234.11,402.12,53.45,65.45,0.87,21,-1
297,13,507.52,128.54,37.86,31.67,0.44,3,-1
297,9,426.62,319.29,62.72,49.47,0.88,6,-1
297,10,384.37,296.03,48.99,49.02,0.85,15,-1
297,11,234.08,402.07,53.54,65.54,0.87,21,-1
298,13,505.86,125.56,40.22,34.11,0.73,3,-1
298,9,426.63,319.29,62.81,49.52,0.88,6,-1
298,10,384.35,296.04,49.02,49.05,0.85,15,-1
298,11,234.01,402.10,53.56,65.53,0.87,21,-1
299,13,504.24,123.00,42.15,36.17,0.62,3,-1
299,9,426.60,319.25,62.92,49.60,0.88,6,-1
299,10,384.32,296.04,49.07,49.09,0.85,15,-1
299,11,233.91,402.08,53.64,65.60,0.87,21,-1
300,13,504.89,122.93,41.31,36.01,0.73,3,-1
300,9,426.13,319.71,62.72,49.43,0.88,6,-1
300,10,384.69,295.62,48.80,48.82,0.85,15,-1
300,11,234.85,401.31,53.18,64.85,0.86,21,-1
301,13,502.99,116.65,46.39,41.67,0.61,3,-1
301,9,425.96,319.90,62.62,49.33,0.88,6,-1
301,10,384.85,295.49,48.65,48.66,0.85,15,-1
301,11,235.17,401.01,53.07,64.57,0.86,21,-1
302,13,504.25,116.46,44.60,40.82,0.69,3,-1
302,9,425.89,319.96,62.59,49.30,0.88,6,-1
302,10,384.90,295.45,48.60,48.59,0.85,15,-1
302,11,235.30,400.99,52.98,64.33,0.86,21,-1
303,9,425.85,320.00,62.59,49.28,0.88,6,-1
303,10,384.93,295.44,48.55,48.52,0.85,15,-1
303,11,235.31,401.03,52.98,64.19,0.86,21,-1
304,13,512.48,122.04,35.07,32.45,0.69,3,-1
304,9,425.84,320.01,62.60,49.28,0.88,6,-1
304,10,384.94,295.44,48.55,48.51,0.85,15,-1
304,11,235.25,400.94,53.16,64.28,0.86,21,-1
305,13,515.04,123.07,32.15,30.12,0.22,3,-1
305,9,425.86,320.03,62.54,49.22,0.88,6,-1
305,10,384.95,295.45,48.54,48.48,0.85,15,-1
305,11,235.14,400.94,53.33,64.38,0.86,21,-1
306,13,515.83,123.48,30.97,29.34,0.24,3,-1
306,9,425.85,320.03,62.56,49.22,0.88,6,-1
306,10,384.95,295.46,48.55,48.47,0.85,15,-1
306,11,235.08,401.02,53.38,64.32,0.86,21,-1
307,13,516.14,122.91,30.92,29.77,0.17,3,-1
307,9,425.89,320.03,62.49,49.15,0.88,6,-1
307,10,384.95,295.47,48.55,48.45,0.85,15,-1
307,11,235.02,401.06,53.44,64.30,0.86,21,-1
308,13,515.97,120.66,31.54,30.79,0.34,3,-1
308,9,425.93,320.03,62.44,49.09,0.88,6,-1
308,10,384.93,295.47,48.60,48.49,0.85,15,-1
308,11,235.04,401.20,53.40,64.16,0.86,21,-1
309,13,516.89,119.41,31.49,30.93,0.30,3,-1
309,9,425.92,320.03,62.38,49.03,0.88,6,-1
309,10,384.89,295.44,48.67,48.55,0.85,15,-1
309,11,235.00,401.16,53.52,64.22,0.86,21,-1
310,13,517.98,119.45,30.21,29.81,0.13,3,-1
310,9,425.88,320.01,62.41,49.03,0.88,6,-1
310,10,384.87,295.43,48.70,48.57,0.85,15,-1
310,11,234.96,401.24,53.57,64.20,0.86,21,-1
311,13,519.03,117.87,30.25,30.13,0.38,3,-1
311,9,425.87,320.00,62.43,49.02,0.88,6,-1
311,10,384.86,295.43,48.73,48.59,0.85,15,-1
311,11,234.91,401.27,53.62,64.19,0.86,21,-1
312,13,519.94,116.28,30.26,30.41,0.61,3,-1
312,9,425.88,320.01,62.38,48.96,0.88,6,-1
312,10,384.85,295.42,48.75,48.60,0.85,15,-1
312,11,234.91,401.32,53.62,64.13,0.86,21,-1
313,13,519.15,111.11,34.16,34.94,0.64,3,-1
313,9,425.88,319.99,62.40,48.96,0.88,6,-1
313,10,384.83,295.41,48.82,48.67,0.85,15,-1
313,11,234.89,401.32,53.65,64.12,0.86,21,-1
314,13,518.36,108.49,36.31,37.56,0.73,3,-1
314,9,425.84,320.01,62.41,48.94,0.88,6,-1
314,10,384.89,295.42,48.80,48.64,0.85,15,-1
314,11,234.87,401.29,53.69,64.13,0.86,21,-1
315,13,518.88,108.63,35.81,37.32,0.75,3,-1
315,9,425.80,320.01,62.44,48.94,0.88,6,-1
315,10,384.92,295.43,48.74,48.56,0.85,15,-1
315,11,234.88,401.35,53.68,64.07,0.86,21,-1
316,13,518.41,105.95,38.08,40.23,0.77,3,-1
316,9,425.77,320.00,62.52,48.98,0.88,6,-1
316,10,384.92,295.45,48.71,48.52,0.85,15,-1
316,11,234.87,401.38,53.68,64.05,0.86,21,-1
317,13,519.33,106.27,37.75,40.30,0.79,3,-1
317,9,425.77,320.01,62.54,48.97,0.88,6,-1
317,10,384.93,295.44,48.70,48.50,0.85,15,-1
317,11,234.86,401.39,53.67,64.00,0.86,21,-1
318,13,519.35,104.22,39.74,43.10,0.78,3,-1
318,9,425.75,320.00,62.58,48.98,0.88,6,-1
318,10,384.92,295.45,48.70,48.48,0.85,15,-1
318,11,234.86,401.40,53.70,64.01,0.86,21,-1
319,13,518.58,102.70,41.59,45.86,0.77,3,-1
319,9,425.74,320.00,62.59,48.97,0.88,6,-1
319,10,384.92,295.46,48.68,48.45,0.85,15,-1
319,11,234.93,401.47,53.65,63.93,0.86,21,-1
320,13,517.90,101.90,42.88,48.02,0.79,3,-1
320,9,425.70,319.99,62.69,49.04,0.88,6,-1
320,10,384.90,295.44,48.72,48.47,0.85,15,-1
320,11,234.95,401.49,53.64,63.91,0.86,21,-1
321,13,517.65,101.92,42.90,48.77,0.81,3,-1
321,9,425.67,319.98,62.76,49.08,0.88,6,-1
321,10,384.89,295.44,48.75,48.49,0.85,15,-1
321,11,235.01,401.59,53.54,63.77,0.86,21,-1
322,13,517.52,102.28,42.47,48.93,0.81,3,-1
322,9,425.65,319.97,62.79,49.10,0.88,6,-1
322,10,384.86,295.42,48.81,48.55,0.85,15,-1
322,11,235.04,401.64,53.52,63.74,0.86,21,-1
323,13,516.62,103.76,41.91,48.56,0.83,3,-1
323,9,425.65,319.97,62.81,49.10,0.88,6,-1
323,10,384.84,295.39,48.86,48.60,0.85,15,-1
323,11,235.06,401.71,53.47,63.67,0.86,21,-1
324,13,515.08,104.65,41.95,48.65,0.83,3,-1
324,9,425.63,319.95,62.85,49.12,0.88,6,-1
324,10,384.82,295.37,48.94,48.68,0.85,15,-1
324,11,235.03,401.67,53.57,63.78,0.86,21,-1
325,13,513.76,106.84,41.08,47.48,0.82,3,-1
325,9,425.60,319.94,62.90,49.16,0.88,6,-1
325,10,384.81,295.37,48.97,48.73,0.85,15,-1
325,11,235.02,401.62,53.65,63.87,0.86,21,-1
326,13,511.92,105.65,42.54,49.42,0.83,3,-1
326,9,425.57,319.94,62.93,49.17,0.88,6,-1
326,10,384.80,295.37,48.97,48.73,0.85,15,-1
326,11,235.03,401.60,53.62,63.84,0.86,21,-1
327,13,510.55,105.20,43.51,50.70,0.82,3,-1
327,9,425.57,319.94,62.94,49.17,0.88,6,-1
327,10,384.79,295.38,48.95,48.73,0.85,15,-1
327,11,235.05,401.63,53.58,63.80,0.86,21,-1
328,13,508.12,103.96,45.52,53.54,0.83,3,-1
328,9,425.58,319.95,62.92,49.15,0.88,6,-1
328,10,384.80,295.38,48.91,48.69,0.85,15,-1
328,11,235.07,401.54,53.60,63.83,0.87,21,-1
329,13,507.17,102.92,46.46,55.01,0.84,3,-1
329,9,425.60,319.96,62.89,49.12,0.88,6,-1
329,10,384.80,295.38,48.90,48.68,0.85,15,-1
329,11,235.06,401.47,53.65,63.89,0.87,21,-1
330,13,506.43,102.91,46.55,55.40,0.85,3,-1
330,9,425.57,319.96,62.95,49.17,0.88,6,-1
330,10,384.81,295.39,48.89,48.67,0.85,15,-1
330,11,235.10,401.51,53.60,63.85,0.87,21,-1
331,13,505.81,102.93,46.56,55.76,0.85,3,-1
331,9,425.58,319.97,62.95,49.17,0.88,6,-1
331,10,384.83,295.41,48.86,48.65,0.85,15,-1
331,11,235.20,401.56,53.52,63.76,0.87,21,-1
332,13,505.14,102.55,46.46,56.01,0.85,3,-1
332,9,425.58,319.98,62.94,49.16,0.88,6,-1
332,10,384.84,295.42,48.82,48.62,0.85,15,-1
332,11,235.23,401.54,53.53,63.78,0.87,21,-1
333,13,503.94,101.83,47.27,57.40,0.84,3,-1
333,9,425.57,319.99,62.91,49.14,0.88,6,-1
333,10,384.86,295.45,48.76,48.55,0.85,15,-1
333,11,235.15,401.59,53.48,63.71,0.87,21,-1
334,13,503.46,101.82,47.46,58.06,0.83,3,-1
334,9,425.57,319.98,62.94,49.17,0.88,6,-1
334,10,384.85,295.44,48.81,48.60,0.85,15,-1
334,11,235.03,401.55,53.56,63.80,0.87,21,-1
335,13,503.37,103.24,46.67,57.39,0.83,3,-1
335,9,425.58,320.00,62.91,49.14,0.88,6,-1
335,10,384.84,295.44,48.87,48.67,0.85,15,-1
335,11,235.00,401.56,53.55,63.76,0.87,21,-1
336,13,503.41,104.39,46.27,57.07,0.83,3,-1
336,9,425.62,320.03,62.81,49.05,0.88,6,-1
336,10,384.84,295.45,48.88,48.69,0.85,15,-1
336,11,234.93,401.58,53.58,63.79,0.87,21,-1
337,13,503.42,105.00,45.83,56.66,0.83,3,-1
337,9,425.64,320.04,62.77,49.00,0.88,6,-1
337,10,384.85,295.46,48.87,48.69,0.85,15,-1
337,11,235.04,401.60,53.51,63.70,0.87,21,-1
338,13,503.58,104.39,45.81,56.82,0.83,3,-1
338,9,425.63,320.04,62.74,48.98,0.89,6,-1
338,10,384.84,295.45,48.83,48.65,0.85,15,-1
338,11,235.05,401.52,53.55,63.75,0.87,21,-1
339,13,503.75,103.93,45.53,56.70,0.84,3,-1
339,9,425.61,320.03,62.75,48.98,0.89,6,-1
339,10,384.84,295.42,48.82,48.63,0.85,15,-1
339,11,234.99,401.48,53.56,63.73,0.86,21,-1
340,13,503.97,104.03,44.76,55.95,0.83,3,-1
340,9,425.59,320.02,62.79,49.00,0.89,6,-1
340,10,384.87,295.43,48.81,48.63,0.85,15,-1
340,11,235.23,401.40,53.46,63.60,0.86,21,-1
341,13,504.94,104.68,43.38,54.23,0.83,3,-1
341,9,425.59,320.01,62.80,49.01,0.89,6,-1
341,10,384.88,295.43,48.79,48.61,0.85,15,-1
341,11,235.28,401.30,53.51,63.65,0.87,21,-1
342,13,505.63,103.95,43.03,53.75,0.85,3,-1
342,9,425.59,320.01,62.80,49.00,0.89,6,-1
342,10,384.88,295.42,48.79,48.60,0.85,15,-1
342,11,235.31,401.22,53.54,63.66,0.87,21,-1
343,13,507.75,101.71,43.30,54.23,0.85,3,-1
343,9,425.63,320.03,62.79,48.97,0.89,6,-1
343,10,384.87,295.40,48.79,48.60,0.85,15,-1
343,11,235.33,400.99,53.57,63.70,0.87,21,-1
344,13,509.17,101.48,42.88,53.74,0.85,3,-1
344,9,425.68,320.03,62.77,48.95,0.89,6,-1
344,10,384.86,295.39,48.82,48.64,0.85,15,-1
344,11,235.54,401.05,53.38,63.53,0.87,21,-1
345,13,510.69,99.96,42.94,53.98,0.85,3,-1
345,9,425.71,320.05,62.72,48.88,0.89,6,-1
345,10,384.85,295.38,48.81,48.63,0.85,15,-1
345,11,235.23,401.00,53.62,63.81,0.87,21,-1
346,13,512.38,98.72,42.87,54.07,0.85,3,-1
346,9,425.70,320.03,62.75,48.89,0.89,6,-1
346,10,384.78,295.31,48.89,48.72,0.85,15,-1
346,11,235.30,401.07,53.55,63.77,0.87,21,-1
347,13,513.96,97.60,42.53,53.89,0.86,3,-1
347,9,425.73,320.01,62.75,48.88,0.89,6,-1
347,10,384.75,295.30,48.87,48.72,0.85,15,-1
347,11,235.42,401.17,53.44,63.67,0.87,21,-1
348,13,517.21,96.21,42.00,53.41,0.84,3,-1
348,9,425.74,320.02,62.70,48.83,0.89,6,-1
348,10,384.75,295.34,48.76,48.64,0.85,15,-1
348,11,235.57,401.15,53.37,63.64,0.87,21,-1
349,13,518.87,94.73,42.05,53.77,0.84,3,-1
349,9,425.71,320.00,62.76,48.85,0.89,6,-1
349,10,384.75,295.34,48.77,48.66,0.85,15,-1
349,11,235.62,400.88,53.46,63.76,0.87,21,-1
350,13,521.27,94.13,41.28,52.68,0.84,3,-1
350,9,426.28,319.95,62.30,48.55,0.89,6,-1
350,10,384.61,295.62,48.80,48.98,0.87,15,-1
350,11,235.57,400.25,54.25,64.59,0.85,21,-1
351,13,522.52,93.13,41.29,52.88,0.84,3,-1
351,9,426.50,319.93,62.10,48.44,0.89,6,-1
351,10,384.64,295.74,48.65,49.08,0.87,15,-1
351,11,235.68,400.34,54.26,64.49,0.85,21,-1
352,13,524.08,92.27,41.02,52.65,0.84,3,-1
352,9,426.60,319.93,61.98,48.40,0.89,6,-1
352,10,384.72,295.78,48.46,49.13,0.87,15,-1
352,11,235.75,400.48,54.21,64.31,0.85,21,-1
353,13,526.08,91.19,40.55,52.06,0.85,3,-1
353,9,426.65,319.94,61.91,48.38,0.89,6,-1
353,10,384.81,295.79,48.28,49.16,0.87,15,-1
353,11,235.75,400.52,54.24,64.25,0.85,21,-1
354,13,526.72,89.79,40.95,52.72,0.85,3,-1
354,9,426.68,319.95,61.85,48.36,0.89,6,-1
354,10,384.89,295.78,48.13,49.21,0.87,15,-1
354,11,235.70,400.43,54.39,64.37,0.85,21,-1
355,13,527.73,89.07,40.74,52.54,0.85,3,-1
355,9,426.70,319.96,61.79,48.35,0.89,6,-1
355,10,384.97,295.78,47.96,49.22,0.87,15,-1
355,11,235.81,400.47,54.30,64.22,0.85,21,-1
356,13,528.30,88.31,40.81,52.78,0.85,3,-1
356,9,426.73,319.97,61.72,48.31,0.89,6,-1
356,10,385.06,295.78,47.78,49.20,0.87,15,-1
356,11,235.82,400.31,54.50,64.44,0.85,21,-1
357,13,528.92,87.97,40.74,52.86,0.84,3,-1
357,9,426.73,319.97,61.69,48.32,0.89,6,-1
357,10,385.13,295.77,47.64,49.20,0.87,15,-1
357,11,235.88,400.23,54.57,64.52,0.85,21,-1
358,13,530.43,88.05,40.17,52.30,0.85,3,-1
358,9,426.75,319.98,61.67,48.33,0.89,6,-1
358,10,385.22,295.76,47.51,49.21,0.87,15,-1
358,11,236.25,400.76,53.88,63.68,0.85,21,-1
359,13,531.88,88.31,39.65,51.73,0.83,3,-1
359,9,426.76,320.00,61.62,48.31,0.89,6,-1
359,10,385.30,295.76,47.35,49.19,0.87,15,-1
359,11,236.47,401.07,53.41,63.05,0.85,21,-1
360,13,533.29,88.49,39.62,51.71,0.83,3,-1
360,9,426.77,320.01,61.55,48.28,0.89,6,-1
360,10,385.37,295.77,47.20,49.14,0.87,15,-1
360,11,236.95,401.69,52.71,62.25,0.86,21,-1
361,13,534.33,88.55,39.59,51.68,0.82,3,-1
361,9,426.78,320.01,61.53,48.28,0.89,6,-1
361,10,385.42,295.76,47.08,49.13,0.87,15,-1
361,11,236.99,401.82,52.54,62.05,0.86,21,-1
362,13,534.66,88.60,39.64,51.72,0.82,3,-1
362,9,426.78,320.02,61.46,48.24,0.90,6,-1
362,10,385.48,295.77,46.96,49.09,0.87,15,-1
362,11,236.80,401.91,52.65,62.14,0.86,21,-1
363,13,535.12,89.00,39.37,51.26,0.84,3,-1
363,9,426.78,320.02,61.43,48.23,0.90,6,-1
363,10,385.53,295.77,46.87,49.08,0.87,15,-1
363,11,237.72,402.02,52.07,61.68,0.86,21,-1
364,13,535.23,89.21,39.30,51.12,0.84,3,-1
364,9,426.87,320.03,61.38,48.20,0.90,6,-1
364,10,385.55,295.74,46.80,49.09,0.87,15,-1
364,11,237.76,402.25,51.90,61.58,0.86,21,-1
365,13,535.14,89.19,39.53,51.45,0.85,3,-1
365,9,426.91,320.07,61.30,48.15,0.90,6,-1
365,10,385.56,295.70,46.77,49.14,0.87,15,-1
365,11,237.84,402.41,51.66,61.37,0.86,21,-1
366,13,535.13,89.39,39.51,51.40,0.85,3,-1
366,9,426.96,320.08,61.16,48.04,0.90,6,-1
366,10,385.60,295.71,46.70,49.13,0.87,15,-1
366,11,237.75,402.55,51.57,61.31,0.86,21,-1
367,13,535.14,89.46,39.62,51.54,0.85,3,-1
367,9,426.96,320.06,61.13,48.03,0.90,6,-1
367,10,385.64,295.72,46.64,49.12,0.87,15,-1
367,11,237.61,402.48,51.63,61.38,0.86,21,-1
368,13,535.17,89.43,39.71,51.64,0.85,3,-1
368,9,426.96,320.05,61.12,48.03,0.90,6,-1
368,10,385.66,295.72,46.60,49.14,0.87,15,-1
368,11,237.24,402.09,52.14,62.01,0.86,21,-1
369,13,535.22,89.38,39.86,51.81,0.85,3,-1
369,9,427.01,320.02,61.17,48.08,0.90,6,-1
369,10,385.69,295.74,46.62,49.20,0.86,15,-1
369,11,237.19,402.00,52.28,62.22,0.86,21,-1
370,13,535.33,89.44,39.85,51.73,0.84,3,-1
370,9,427.00,320.02,61.18,48.09,0.90,6,-1
370,10,385.73,295.75,46.62,49.24,0.87,15,-1
370,11,236.90,401.88,52.54,62.53,0.86,21,-1
371,13,535.62,89.74,39.53,51.31,0.85,3,-1
371,9,427.04,320.05,61.15,48.06,0.90,6,-1
371,10,385.72,295.72,46.63,49.26,0.87,15,-1
371,11,236.86,401.91,52.56,62.56,0.86,21,-1
372,13,536.23,90.01,39.31,51.02,0.84,3,-1
372,9,427.06,320.08,61.09,48.01,0.90,6,-1
372,10,385.72,295.71,46.62,49.27,0.87,15,-1
372,14,172.66,312.52,98.70,74.33,0.80,17,-1
372,11,236.74,401.87,52.62,62.60,0.86,21,-1
373,13,537.28,89.76,39.11,50.65,0.84,3,-1
373,9,427.06,320.08,61.10,48.02,0.90,6,-1
373,10,385.73,295.69,46.61,49.27,0.87,15,-1
373,14,185.68,298.51,88.55,66.44,0.78,17,-1
373,11,236.81,401.88,52.58,62.58,0.86,21,-1
374,13,539.45,90.46,38.18,49.27,0.84,3,-1
374,9,427.04,320.08,61.13,48.05,0.90,6,-1
374,10,385.74,295.69,46.60,49.28,0.87,15,-1
374,14,194.66,285.79,85.88,63.93,0.82,17,-1
374,11,237.06,402.01,52.38,62.40,0.86,21,-1
375,13,542.05,90.25,37.46,48.01,0.84,3,-1
375,9,426.98,320.03,61.27,48.16,0.90,6,-1
375,10,385.78,295.71,46.50,49.15,0.86,15,-1
375,14,196.71,270.10,93.65,69.39,0.84,17,-1
375,11,237.12,402.22,52.24,62.27,0.86,21,-1
376,13,544.29,89.57,37.35,47.49,0.86,3,-1
376,9,426.96,320.01,61.40,48.26,0.90,6,-1
376,10,385.79,295.72,46.46,49.08,0.86,15,-1
376,14,204.73,254.56,95.31,70.40,0.85,17,-1
376,11,237.15,402.45,52.22,62.24,0.86,21,-1
377,13,546.74,89.78,37.43,47.03,0.86,3,-1
377,9,426.95,319.96,61.52,48.34,0.90,6,-1
377,10,385.79,295.74,46.41,49.00,0.86,15,-1
377,14,214.84,235.50,99.39,73.32,0.86,17,-1
377,11,237.22,402.62,52.12,62.12,0.86,21,-1
378,13,551.47,89.95,38.20,47.76,0.85,3,-1
378,9,426.97,319.91,61.49,48.32,0.90,6,-1
378,10,385.76,295.68,46.41,49.01,0.86,15,-1
378,14,229.27,201.27,103.13,75.13,0.85,17,-1
378,11,237.18,402.93,51.71,61.66,0.86,21,-1
379,13,554.96,90.51,38.43,47.70,0.86,3,-1
379,9,426.97,319.80,61.67,48.45,0.90,6,-1
379,10,385.82,295.16,46.63,49.15,0.86,15,-1
379,14,249.59,174.26,103.64,74.33,0.85,17,-1
379,11,236.97,402.94,51.79,61.75,0.86,21,-1
380,13,560.16,91.73,37.35,46.01,0.86,3,-1
380,9,427.02,319.82,61.62,48.41,0.90,6,-1
380,10,385.71,295.43,46.80,49.36,0.86,15,-1
380,14,272.88,154.06,100.56,70.22,0.86,17,-1
380,11,236.87,403.01,51.86,61.84,0.86,21,-1
381,13,565.56,92.38,35.93,43.73,0.85,3,-1
381,9,426.98,319.83,61.67,48.45,0.89,6,-1
381,10,385.73,295.18,46.73,49.13,0.86,15,-1
381,14,297.72,136.00,99.99,68.26,0.85,17,-1
381,11,236.77,403.03,51.93,61.93,0.86,21,-1
382,13,570.72,91.68,35.24,42.54,0.85,3,-1
382,9,426.95,319.81,61.72,48.49,0.89,6,-1
382,10,385.64,295.05,47.13,49.45,0.86,15,-1
382,14,321.11,119.34,97.00,64.79,0.86,17,-1
382,11,236.70,403.07,51.98,61.97,0.85,21,-1
383,13,576.89,88.30,35.83,42.78,0.84,3,-1
383,9,426.98,319.88,61.58,48.38,0.89,6,-1
383,10,385.64,295.03,47.08,49.27,0.86,15,-1
383,14,360.44,96.66,96.95,63.80,0.87,17,-1
383,11,236.71,403.04,52.01,61.99,0.86,21,-1
384,13,581.00,86.26,35.54,41.97,0.83,3,-1
384,9,427.03,319.90,61.55,48.34,0.89,6,-1
384,10,385.67,295.13,47.08,49.12,0.87,15,-1
384,14,386.63,83.88,94.59,61.99,0.87,17,-1
384,11,236.70,403.06,52.03,62.01,0.86,21,-1
385,13,583.50,84.02,35.99,42.14,0.79,3,-1
385,9,427.03,319.97,61.48,48.26,0.89,6,-1
385,10,385.71,295.13,47.10,49.00,0.86,15,-1
385,14,407.09,77.02,92.25,60.76,0.86,17,-1
385,11,236.82,403.06,52.01,61.99,0.86,21,-1
386,13,586.68,83.11,35.73,41.40,0.82,3,-1
386,9,426.98,319.97,61.56,48.33,0.89,6,-1
386,10,385.66,295.08,47.33,49.13,0.87,15,-1
386,14,425.68,72.39,89.93,60.04,0.84,17,-1
386,11,236.95,403.03,52.00,61.96,0.86,21,-1
387,13,588.73,80.92,36.10,41.38,0.81,3,-1
387,9,426.90,319.96,61.59,48.36,0.89,6,-1
387,10,385.51,295.41,47.61,49.45,0.87,15,-1
387,14,442.23,67.21,85.68,58.66,0.72,17,-1
387,11,236.45,403.07,52.39,62.44,0.86,21,-1
388,13,591.91,78.23,36.18,40.86,0.85,3,-1
388,9,426.85,319.95,61.64,48.42,0.89,6,-1
388,10,385.50,295.55,47.67,49.56,0.87,15,-1
388,11,236.32,403.07,52.54,62.62,0.86,21,-1
389,13,594.65,77.26,35.77,39.93,0.84,3,-1
389,9,426.85,319.87,61.74,48.52,0.89,6,-1
389,10,385.54,295.62,47.66,49.60,0.87,15,-1
389,11,236.36,403.15,52.29,62.37,0.87,21,-1
390,13,595.67,75.59,36.23,39.97,0.83,3,-1
390,9,426.84,319.81,61.74,48.54,0.89,6,-1
390,10,385.64,295.72,47.49,49.46,0.87,15,-1
390,11,236.57,403.20,52.09,62.19,0.87,21,-1
391,13,596.11,73.63,37.17,40.63,0.84,3,-1
391,9,426.82,319.77,61.82,48.63,0.89,6,-1
391,10,385.70,295.76,47.37,49.36,0.87,15,-1
391,11,236.61,403.20,52.09,62.24,0.86,21,-1
392,13,596.23,71.91,37.96,41.08,0.83,3,-1
392,9,426.83,319.72,61.86,48.70,0.89,6,-1
392,10,385.73,295.77,47.30,49.31,0.87,15,-1
392,11,236.61,403.20,52.10,62.31,0.86,21,-1
393,13,597.21,70.23,37.31,40.22,0.84,3,-1
393,9,426.91,319.72,61.74,48.64,0.89,6,-1
393,10,385.75,295.75,47.27,49.31,0.87,15,-1
393,11,236.60,403.19,52.12,62.36,0.86,21,-1
394,13,597.03,68.83,37.34,40.12,0.84,3,-1
394,9,426.98,319.74,61.62,48.57,0.89,6,-1
394,10,385.72,295.74,47.25,49.30,0.87,15,-1
394,11,236.67,403.19,52.03,62.30,0.86,21,-1
395,13,596.53,67.77,37.57,40.27,0.82,3,-1
395,9,427.06,319.75,61.47,48.49,0.89,6,-1
395,10,385.64,295.72,47.30,49.36,0.87,15,-1
395,11,236.71,403.19,52.01,62.31,0.86,21,-1
396,13,596.62,66.50,37.81,40.63,0.82,3,-1
396,9,427.16,319.72,61.46,48.53,0.89,6,-1
396,10,385.70,295.39,47.23,49.19,0.87,15,-1
396,11,236.73,403.19,51.98,62.32,0.86,21,-1
397,13,600.11,62.92,39.55,43.34,0.43,3,-1
397,9,427.23,319.69,61.48,48.60,0.89,6,-1
397,10,385.67,295.26,47.29,49.13,0.87,15,-1
397,11,236.83,403.21,51.90,62.27,0.86,21,-1
398,9,427.36,319.69,61.32,48.50,0.89,6,-1
398,10,385.56,295.56,47.44,49.37,0.87,15,-1
398,11,236.77,403.09,51.99,62.42,0.86,21,-1
399,9,427.12,319.60,61.87,48.97,0.88,6,-1
399,10,385.46,295.25,47.73,49.67,0.86,15,-1
399,11,236.74,403.29,51.86,62.32,0.86,21,-1
400,9,427.31,319.50,62.60,49.74,0.89,6,-1
400,10,386.79,299.00,46.34,48.20,0.79,15,-1
400,11,236.99,402.82,52.15,62.63,0.85,21,-1
