114,66,217.21,429.58,40.43,46.27,0.44,9,-1
126,66,284.45,263.57,39.07,44.14,0.02,9,-1
127,67,332.38,105.10,93.46,74.03,0.03,2,-1
127,66,326.47,185.43,36.45,40.37,0.02,9,-1
128,67,324.12,104.43,112.10,89.03,0.01,2,-1
128,66,349.98,141.05,51.24,55.04,0.02,9,-1
129,66,351.90,136.65,43.27,46.31,0.03,9,-1
130,66,350.50,136.19,47.48,50.41,0.01,9,-1
131,66,345.99,132.88,48.06,51.35,0.02,9,-1
132,66,342.89,133.25,45.25,48.63,0.02,9,-1
133,66,343.29,142.46,36.47,39.22,0.11,9,-1
134,66,338.65,138.98,44.35,48.31,0.03,9,-1
135,66,338.92,138.87,43.07,47.38,0.03,9,-1
136,66,336.65,138.22,44.76,49.85,0.02,9,-1
136,68,336.40,159.48,32.80,36.11,0.26,9,-1
137,66,335.34,135.62,47.76,53.78,0.01,9,-1
137,68,334.39,157.06,35.47,39.08,0.10,9,-1
138,66,336.07,134.69,48.62,54.89,0.02,9,-1
138,68,332.90,153.92,39.38,43.50,0.09,9,-1
139,66,334.97,131.08,50.62,57.29,0.03,9,-1
139,68,332.16,152.73,37.45,41.36,0.11,9,-1
140,67,322.50,138.78,67.96,54.34,0.01,2,-1
140,68,331.13,151.06,38.59,42.62,0.11,9,-1
141,66,334.58,146.40,38.23,43.19,0.14,9,-1
142,67,323.93,150.94,50.42,40.78,0.01,2,-1
142,66,334.47,147.62,36.45,41.14,0.15,9,-1
143,66,334.50,147.49,35.77,40.31,0.14,9,-1
144,66,335.36,147.80,35.06,39.33,0.19,9,-1
145,66,336.50,148.70,34.42,38.19,0.41,9,-1
146,66,338.01,149.01,33.66,37.05,0.40,9,-1
147,66,337.48,147.71,34.12,37.44,0.31,9,-1
148,66,336.96,146.97,34.55,37.87,0.26,9,-1
149,66,336.89,147.27,34.29,37.44,0.28,9,-1
150,66,336.25,148.02,34.30,37.27,0.20,9,-1
151,66,335.27,148.72,34.43,37.42,0.14,9,-1
152,67,321.53,150.37,48.35,39.53,0.02,2,-1
152,66,331.28,148.32,36.11,39.25,0.04,9,-1
153,67,320.86,151.57,46.76,38.66,0.04,2,-1
153,66,329.52,149.06,36.68,39.83,0.08,9,-1
154,67,322.35,151.47,44.51,37.41,0.02,2,-1
154,66,329.67,149.65,35.18,38.25,0.03,9,-1
155,66,328.74,151.28,35.03,38.02,0.04,9,-1
156,66,326.29,150.70,38.05,41.65,0.16,9,-1
157,66,320.82,145.85,44.03,48.86,0.12,9,-1
157,68,321.11,154.83,35.72,39.96,0.05,9,-1
158,66,316.26,145.01,45.92,51.40,0.09,9,-1
158,68,317.60,158.14,33.01,36.12,0.12,9,-1
159,68,316.78,158.60,32.48,35.54,0.12,9,-1
160,67,299.54,147.29,71.56,57.52,0.02,2,-1
160,68,281.85,179.73,36.81,40.31,0.14,9,-1
160,66,289.79,168.90,43.90,47.37,0.01,9,-1
161,67,277.23,149.02,84.39,66.97,0.34,2,-1
162,67,251.88,155.52,87.85,70.47,0.29,2,-1
163,67,262.60,162.68,67.59,56.18,0.47,2,-1
203,67,287.18,163.43,58.57,50.61,0.01,2,-1
233,70,350.18,173.15,16.03,17.33,0.03,0,-1
234,70,337.83,168.24,31.95,34.73,0.73,0,-1
234,71,309.76,178.27,47.15,52.30,0.01,0,-1
235,71,319.17,176.53,40.99,45.49,0.83,0,-1
236,71,323.70,183.58,32.66,36.05,0.83,0,-1
237,71,316.73,196.67,27.52,29.85,0.82,0,-1
238,71,311.80,206.84,23.86,25.11,0.84,0,-1
239,71,299.31,215.64,31.07,32.35,0.85,0,-1
240,71,291.23,220.76,34.94,36.20,0.86,0,-1
241,71,285.24,224.82,37.73,38.97,0.86,0,-1
242,71,277.79,228.73,40.42,41.97,0.87,0,-1
243,71,274.09,230.98,41.79,43.94,0.85,0,-1
244,71,272.32,232.33,41.43,44.13,0.86,0,-1
245,71,277.28,230.24,34.08,36.57,0.02,0,-1
245,70,281.53,227.13,22.15,23.67,0.62,0,-1
246,71,269.27,231.44,39.97,43.06,0.05,0,-1
246,72,285.16,231.42,28.66,34.84,0.36,0,-1
246,70,280.54,227.37,27.37,29.15,0.12,0,-1
247,71,272.89,227.97,35.10,37.01,0.57,0,-1
247,72,263.24,224.36,44.17,53.54,0.64,0,-1
247,70,285.92,226.91,22.91,24.04,0.72,0,-1
248,71,273.64,223.81,36.81,38.09,0.02,0,-1
248,72,262.56,220.40,45.68,54.65,0.75,0,-1
248,70,284.66,222.33,30.43,31.38,0.61,0,-1
249,71,270.95,217.75,45.31,46.45,0.12,0,-1
249,72,260.08,213.54,54.28,64.00,0.66,0,-1
249,70,292.24,217.36,29.28,30.10,0.03,0,-1
249,74,299.75,211.38,29.01,28.34,0.76,0,-1
250,74,299.75,211.38,29.01,28.34,0.76,0,-1
251,71,275.99,204.66,48.97,44.41,0.87,0,-1
252,71,280.47,198.63,50.19,42.93,0.84,0,-1
253,71,285.67,192.81,50.50,40.53,0.86,0,-1
253,70,326.12,193.97,24.81,25.65,0.02,0,-1
254,70,329.56,191.99,24.33,25.15,0.02,0,-1
255,71,287.49,191.25,54.41,39.14,0.86,0,-1
256,71,284.97,199.07,56.18,38.76,0.86,0,-1
257,71,278.46,211.39,59.62,40.10,0.84,0,-1
257,74,322.35,217.40,21.24,20.91,0.01,0,-1
258,74,324.93,218.09,20.37,20.06,0.01,0,-1
258,72,279.19,222.53,43.70,46.48,0.83,0,-1
258,70,320.11,221.58,23.16,24.57,0.23,0,-1
259,70,320.94,223.32,23.15,24.56,0.23,0,-1
259,71,270.47,230.16,68.97,48.62,0.57,0,-1
260,70,308.16,236.25,24.10,25.54,0.03,0,-1
260,71,277.16,235.83,60.11,43.28,0.61,0,-1
260,74,310.76,236.51,22.13,22.20,0.77,0,-1
260,72,275.83,234.07,48.50,50.49,0.70,0,-1
261,71,274.03,246.29,59.78,44.58,0.07,0,-1
261,74,307.06,243.81,21.36,21.53,0.83,0,-1
261,72,272.34,240.91,50.28,52.02,0.28,0,-1
262,71,273.34,251.94,52.11,39.10,0.06,0,-1
262,74,302.88,250.16,21.70,21.99,0.82,0,-1
262,72,268.83,247.30,51.51,53.41,0.24,0,-1
263,71,280.86,254.78,41.82,31.67,0.04,0,-1
263,74,300.17,253.66,21.07,21.47,0.80,0,-1
263,72,268.36,251.01,51.79,54.78,0.27,0,-1
264,74,297.16,256.29,20.07,20.43,0.84,0,-1
264,72,263.96,252.57,51.22,54.32,0.12,0,-1
265,74,295.00,257.48,19.98,20.38,0.82,0,-1
265,72,261.68,253.38,51.03,54.44,0.20,0,-1
266,74,292.63,259.08,19.30,19.73,0.81,0,-1
266,72,262.13,255.42,50.80,55.51,0.04,0,-1
266,71,254.91,259.32,58.36,44.66,0.03,0,-1
267,74,289.50,260.11,19.37,19.76,0.83,0,-1
267,72,257.83,256.49,48.55,52.95,0.06,0,-1
267,71,258.19,261.85,57.22,46.13,0.01,0,-1
268,74,287.15,261.80,19.58,19.95,0.84,0,-1
268,72,256.02,257.64,47.27,51.35,0.13,0,-1
268,71,263.75,265.25,51.20,43.33,0.01,0,-1
269,72,259.71,268.24,42.93,46.78,0.02,0,-1
269,71,261.03,268.28,52.70,44.60,0.01,0,-1
270,71,258.31,271.32,54.20,45.87,0.01,0,-1
270,70,279.61,266.39,23.31,23.55,0.01,0,-1
270,74,283.00,266.49,19.51,19.70,0.80,0,-1
271,70,280.21,263.82,25.50,25.54,0.01,0,-1
271,74,280.42,266.97,20.84,21.05,0.75,0,-1
271,72,251.38,269.68,50.25,56.08,0.01,0,-1
272,72,249.28,272.09,51.28,57.23,0.01,0,-1
272,71,274.61,265.47,33.66,28.96,0.60,0,-1
273,72,245.26,270.70,48.18,54.63,0.04,0,-1
273,71,273.66,267.03,28.47,24.89,0.10,0,-1
273,70,275.09,270.12,20.67,20.95,0.78,0,-1
274,72,245.10,271.29,45.37,52.16,0.02,0,-1
274,71,275.23,266.34,27.70,24.58,0.02,0,-1
274,70,273.86,271.22,19.81,20.13,0.79,0,-1
275,72,268.42,265.03,32.96,37.31,0.01,0,-1
275,71,274.96,265.68,27.81,24.91,0.02,0,-1
275,70,272.61,271.17,19.58,19.92,0.80,0,-1
276,71,274.79,267.06,26.53,23.76,0.02,0,-1
276,70,271.05,271.43,19.04,19.39,0.81,0,-1
277,70,269.77,270.70,19.32,19.75,0.81,0,-1
277,72,240.84,268.61,45.44,52.05,0.03,0,-1
278,70,269.31,270.29,19.56,20.05,0.81,0,-1
278,72,238.83,268.96,46.01,52.87,0.02,0,-1
279,70,269.63,269.80,19.95,20.56,0.80,0,-1
279,72,238.52,268.81,45.67,52.51,0.03,0,-1
280,70,270.71,270.40,19.12,19.64,0.79,0,-1
280,72,240.78,269.79,43.16,49.38,0.10,0,-1
281,70,271.82,269.22,19.40,19.86,0.81,0,-1
281,72,242.26,269.05,42.81,48.94,0.06,0,-1
282,70,274.10,266.69,20.01,20.49,0.81,0,-1
282,72,245.03,267.72,41.60,47.41,0.03,0,-1
283,70,276.61,263.31,20.86,21.48,0.82,0,-1
283,72,244.94,263.03,46.28,52.98,0.04,0,-1
283,71,251.96,267.15,49.72,46.37,0.04,0,-1
284,72,245.89,257.22,53.50,60.61,0.02,0,-1
284,71,249.45,267.39,52.09,48.58,0.04,0,-1
285,72,249.13,249.94,53.90,59.94,0.45,0,-1
285,71,253.92,251.30,48.62,44.36,0.01,0,-1
285,70,287.51,249.84,20.88,21.70,0.77,0,-1
286,72,252.28,241.41,60.21,66.90,0.39,0,-1
286,71,259.09,243.28,51.21,47.41,0.03,0,-1
286,75,278.73,239.56,35.60,38.01,0.20,0,-1
286,70,293.16,240.78,23.11,24.18,0.78,0,-1
286,67,256.04,213.84,77.57,68.50,0.04,2,-1
287,70,294.66,238.66,23.26,24.34,0.78,0,-1
288,70,316.11,222.46,20.82,21.94,0.06,0,-1
288,72,270.01,222.28,57.07,59.94,0.83,0,-1
289,71,272.41,207.82,71.79,60.50,0.87,0,-1
290,71,274.92,192.92,83.23,67.37,0.89,0,-1
291,71,275.67,181.54,93.56,73.95,0.90,0,-1
292,71,276.06,173.07,101.99,79.60,0.92,0,-1
293,71,277.59,166.76,106.94,83.03,0.88,0,-1
294,71,278.67,162.91,111.09,85.70,0.86,0,-1
295,71,279.08,161.54,112.03,85.69,0.86,0,-1
296,71,273.60,163.99,106.90,82.73,0.79,0,-1
297,71,269.06,165.51,102.41,80.70,0.81,0,-1
298,71,267.41,166.74,96.59,77.90,0.81,0,-1
299,71,267.99,167.69,92.28,76.05,0.78,0,-1
300,71,268.70,167.83,89.50,75.33,0.78,0,-1
301,71,271.53,165.81,89.28,76.24,0.76,0,-1
302,71,280.06,159.04,96.22,81.35,0.80,0,-1
303,71,283.62,157.71,98.92,82.68,0.87,0,-1
304,71,284.54,157.89,100.01,83.01,0.88,0,-1
305,71,282.35,160.42,99.95,82.72,0.87,0,-1
306,71,329.36,161.18,52.75,45.10,0.02,0,-1
306,70,362.90,161.68,16.86,19.03,0.01,0,-1
306,72,288.69,165.53,78.62,77.02,0.87,0,-1
307,71,348.99,164.90,27.45,23.88,0.06,0,-1
307,70,360.50,165.41,15.42,17.80,0.07,0,-1
307,72,288.81,166.37,78.24,74.03,0.86,0,-1
307,75,339.82,167.10,23.91,24.50,0.01,0,-1
308,70,348.88,175.46,14.17,16.52,0.04,0,-1
308,72,291.12,173.48,68.76,63.60,0.73,0,-1
308,75,342.77,163.64,23.28,23.85,0.01,0,-1
308,67,304.53,172.99,60.23,53.73,0.76,2,-1
309,72,286.34,177.82,69.07,64.97,0.06,0,-1
309,75,345.73,160.17,22.65,23.20,0.01,0,-1
309,71,329.20,185.44,24.55,22.45,0.66,0,-1
309,67,324.54,152.90,54.01,48.91,0.85,2,-1
310,71,324.41,188.93,25.79,23.58,0.66,0,-1
310,70,327.45,190.80,18.39,21.60,0.82,0,-1
310,67,324.82,150.44,55.04,50.53,0.84,2,-1
311,70,311.22,208.72,19.40,22.61,0.82,0,-1
311,72,267.92,212.24,63.62,62.72,0.01,0,-1
311,67,312.17,158.58,61.16,57.03,0.90,2,-1
312,71,293.57,227.13,25.45,23.73,0.82,0,-1
312,67,303.20,171.64,61.34,57.42,0.87,2,-1
313,71,283.11,241.53,24.43,23.13,0.84,0,-1
313,67,293.96,183.83,61.75,58.01,0.87,2,-1
314,71,268.08,263.81,23.26,22.31,0.82,0,-1
314,67,280.28,205.86,61.13,57.35,0.87,2,-1
315,71,258.34,280.07,22.45,21.74,0.80,0,-1
315,67,269.62,223.57,60.50,56.49,0.86,2,-1
316,71,245.91,300.74,21.69,21.04,0.80,0,-1
316,67,256.72,246.32,58.65,54.71,0.87,2,-1
317,71,236.05,316.12,21.44,21.14,0.02,0,-1
317,70,244.11,308.99,17.59,20.11,0.78,0,-1
317,67,247.42,263.77,56.53,52.35,0.89,2,-1
318,70,236.57,318.93,17.39,19.88,0.78,0,-1
318,67,237.61,287.28,53.11,48.66,0.87,2,-1
319,71,221.82,348.09,19.14,18.79,0.77,0,-1
319,67,229.01,302.88,53.05,48.24,0.88,2,-1
320,71,212.45,364.74,19.55,19.32,0.75,0,-1
320,67,221.31,323.04,51.17,45.79,0.87,2,-1
321,71,200.00,381.04,23.08,22.51,0.03,0,-1
321,72,192.38,381.32,53.09,56.78,0.02,0,-1
321,70,204.95,380.51,17.22,19.11,0.75,0,-1
321,67,212.26,341.19,49.67,43.98,0.84,2,-1
322,71,188.88,399.63,38.20,38.70,0.04,0,-1
322,72,181.39,399.27,47.60,53.41,0.01,0,-1
322,70,198.66,394.24,16.93,18.08,0.70,0,-1
322,67,205.29,352.60,50.88,44.36,0.86,2,-1
323,71,183.69,411.83,31.22,31.75,0.57,0,-1
323,72,181.85,414.81,46.47,54.94,0.10,0,-1
323,70,189.39,409.56,17.18,17.83,0.70,0,-1
323,67,195.27,366.41,52.32,45.25,0.88,2,-1
324,71,177.61,422.00,37.04,38.69,0.01,0,-1
324,72,180.22,425.07,44.54,54.75,0.13,0,-1
324,70,183.32,420.22,17.21,17.50,0.72,0,-1
324,75,186.43,416.31,23.70,23.51,0.02,0,-1
324,67,187.55,375.72,53.97,46.30,0.87,2,-1
325,70,173.84,434.09,17.74,17.87,0.72,0,-1
325,75,177.97,429.98,23.75,23.56,0.02,0,-1
325,67,178.51,387.33,56.74,48.53,0.87,2,-1
326,71,167.41,444.71,21.77,22.71,0.66,0,-1
326,67,171.59,395.55,58.72,49.93,0.87,2,-1
327,71,159.88,455.66,21.06,21.83,0.76,0,-1
327,67,163.81,405.92,60.32,51.06,0.89,2,-1
328,71,155.18,467.14,16.88,16.22,0.63,0,-1
328,67,154.07,416.08,62.90,53.35,0.87,2,-1
329,71,152.37,470.30,15.00,13.42,0.05,0,-1
329,67,147.03,421.96,67.13,57.24,0.88,2,-1
330,67,140.69,428.01,67.25,57.07,0.84,2,-1
331,67,137.92,432.67,64.53,54.15,0.29,2,-1
341,71,196.17,458.93,29.46,23.20,0.06,0,-1
