42,5,212.56,382.30,45.00,56.55,0.34,6,-1
43,5,209.00,382.41,42.88,53.56,0.01,6,-1
44,5,206.91,382.23,44.39,54.96,0.24,6,-1
45,5,205.38,381.62,45.55,55.74,0.25,6,-1
46,5,216.94,376.04,70.55,86.40,0.51,6,-1
47,5,216.45,377.88,57.12,69.61,0.06,6,-1
48,7,492.52,352.44,141.81,95.51,0.36,3,-1
48,5,368.92,337.04,48.66,57.87,0.83,6,-1
48,9,237.76,405.24,49.44,61.64,0.84,21,-1
49,7,493.63,352.48,140.09,94.37,0.79,3,-1
49,5,423.00,323.42,45.05,52.07,0.83,6,-1
49,8,387.29,298.17,45.97,47.05,0.84,15,-1
49,9,237.83,405.31,49.17,61.28,0.82,21,-1
50,7,494.18,351.21,139.67,94.00,0.89,3,-1
50,5,439.85,318.48,44.71,50.25,0.86,6,-1
50,8,386.47,297.64,46.17,47.25,0.84,15,-1
50,9,237.70,404.82,49.37,61.49,0.84,21,-1
51,7,496.17,353.06,136.14,91.31,0.89,3,-1
51,5,444.38,316.99,45.47,49.68,0.87,6,-1
51,8,386.15,297.46,46.56,47.65,0.84,15,-1
51,9,237.23,404.34,49.96,62.20,0.84,21,-1
52,7,489.91,348.69,148.24,99.42,0.55,3,-1
52,5,442.19,317.41,45.13,47.97,0.85,6,-1
52,8,385.24,297.38,47.21,48.38,0.84,15,-1
52,9,237.62,403.15,49.12,61.02,0.82,21,-1
53,7,543.97,135.87,128.90,90.40,0.01,3,-1
54,7,572.40,57.16,106.91,78.71,0.02,3,-1
55,7,587.98,37.48,87.30,67.68,0.04,3,-1
56,7,598.55,35.33,69.73,57.05,0.03,3,-1
57,7,590.62,40.32,83.93,72.98,0.02,3,-1
58,7,592.76,38.49,81.24,75.25,0.01,3,-1
59,7,594.21,39.73,77.94,77.05,0.01,3,-1
60,7,604.50,39.89,57.88,60.66,0.02,3,-1
61,7,608.59,42.81,48.26,53.55,0.02,3,-1
62,7,592.34,34.09,80.11,95.72,0.01,3,-1
63,7,601.11,32.89,61.71,77.87,0.03,3,-1
64,7,604.48,30.85,52.08,69.35,0.01,3,-1
65,7,604.89,28.06,48.93,68.62,0.03,3,-1
65,8,385.73,299.22,47.05,47.84,0.01,15,-1
66,7,604.07,23.96,49.35,73.01,0.02,3,-1
66,8,386.04,299.56,46.25,46.90,0.06,15,-1
67,7,602.71,20.45,50.09,77.99,0.02,3,-1
67,8,385.44,298.94,47.57,48.08,0.69,15,-1
68,7,600.82,16.69,50.90,82.90,0.06,3,-1
68,5,439.35,317.70,46.09,47.81,0.72,6,-1
68,8,384.79,298.22,48.02,48.49,0.80,15,-1
68,9,236.53,400.49,52.77,65.50,0.03,21,-1
69,7,596.32,5.50,61.30,106.22,0.02,3,-1
69,5,436.38,317.88,46.67,47.30,0.78,6,-1
69,8,384.61,298.25,47.86,48.38,0.84,15,-1
69,9,236.23,400.24,52.41,64.83,0.60,21,-1
70,7,593.93,-0.56,66.15,121.94,0.01,3,-1
70,5,434.54,318.37,47.33,46.86,0.79,6,-1
70,8,385.17,297.83,48.32,48.90,0.83,15,-1
70,9,234.30,398.72,53.56,65.87,0.66,21,-1
71,7,550.60,41.94,101.80,190.58,0.02,3,-1
71,5,433.80,317.61,48.86,47.53,0.84,6,-1
71,8,385.54,297.67,47.80,48.40,0.84,15,-1
71,9,233.99,399.98,53.01,64.97,0.84,21,-1
72,7,581.27,16.89,70.97,141.44,0.02,3,-1
72,5,432.96,317.36,49.81,47.67,0.86,6,-1
72,8,385.86,298.09,47.35,47.89,0.83,15,-1
72,9,234.63,400.89,51.67,63.09,0.84,21,-1
73,7,568.13,112.85,97.84,207.31,0.02,3,-1
73,5,433.88,317.62,51.33,48.72,0.82,6,-1
73,8,385.74,297.75,47.57,48.16,0.84,15,-1
73,9,234.93,401.57,51.31,62.47,0.84,21,-1
74,7,535.78,243.27,80.13,152.88,0.06,3,-1
74,10,482.68,336.37,148.94,115.92,0.20,3,-1
74,5,434.18,318.46,50.98,47.82,0.86,6,-1
74,8,385.90,298.03,47.08,47.75,0.83,15,-1
74,9,235.07,401.63,51.51,62.57,0.84,21,-1
75,7,530.13,197.94,104.14,199.27,0.01,3,-1
75,10,491.19,343.19,135.23,105.18,0.54,3,-1
75,5,433.40,319.06,51.07,47.26,0.86,6,-1
75,8,384.56,297.81,47.66,48.29,0.84,15,-1
75,9,235.34,401.53,51.98,62.85,0.84,21,-1
76,7,523.48,287.12,84.27,139.45,0.67,3,-1
76,10,479.18,347.68,117.63,92.33,0.04,3,-1
76,5,431.82,319.14,50.78,46.24,0.88,6,-1
76,8,383.79,297.95,47.40,47.96,0.84,15,-1
76,9,236.39,401.08,52.55,63.49,0.84,21,-1
77,7,524.15,333.21,74.44,107.93,0.78,3,-1
77,10,478.13,348.72,114.24,90.50,0.03,3,-1
77,5,430.88,319.39,50.96,45.68,0.87,6,-1
77,8,383.86,297.90,47.53,48.21,0.85,15,-1
77,9,236.77,400.88,52.77,63.63,0.83,21,-1
78,7,509.31,350.58,68.61,95.45,0.17,3,-1
78,10,475.34,355.16,94.99,76.59,0.02,3,-1
78,5,430.25,319.19,52.36,46.51,0.88,6,-1
78,8,384.03,297.32,48.04,48.83,0.86,15,-1
78,9,235.91,401.91,52.28,62.82,0.82,21,-1
79,7,546.82,339.29,92.57,135.55,0.02,3,-1
79,10,497.65,352.65,111.34,88.23,0.83,3,-1
79,5,429.66,318.91,54.00,47.47,0.87,6,-1
79,8,383.72,296.30,48.27,49.28,0.87,15,-1
79,9,235.73,401.90,52.51,63.23,0.82,21,-1
80,7,534.52,350.40,87.41,112.33,0.85,3,-1
80,10,482.86,355.87,95.18,77.23,0.02,3,-1
80,5,429.56,318.94,54.57,47.59,0.88,6,-1
80,8,383.32,295.88,48.94,50.10,0.88,15,-1
80,9,235.77,403.03,51.65,62.20,0.82,21,-1
81,7,526.86,354.39,86.80,100.65,0.86,3,-1
81,10,477.12,357.84,86.47,71.83,0.05,3,-1
81,5,429.19,318.90,55.17,47.74,0.88,6,-1
81,8,383.26,295.80,49.19,50.49,0.88,15,-1
81,9,235.73,403.64,51.16,61.59,0.82,21,-1
82,7,512.35,358.95,79.68,88.90,0.05,3,-1
82,10,481.58,357.90,87.33,73.72,0.02,3,-1
82,5,428.45,318.68,56.19,48.21,0.88,6,-1
82,8,383.50,295.83,48.83,50.34,0.88,15,-1
82,9,235.37,403.72,51.38,61.88,0.83,21,-1
83,7,505.91,359.03,78.08,85.36,0.11,3,-1
83,10,479.01,356.85,81.42,70.67,0.15,3,-1
83,12,493.95,354.12,140.38,92.90,0.52,3,-1
83,5,427.93,318.60,56.79,48.36,0.88,6,-1
83,8,384.20,295.86,48.20,49.90,0.88,15,-1
83,9,235.38,403.89,51.43,61.92,0.84,21,-1
84,7,495.47,357.41,77.71,85.46,0.27,3,-1
84,10,476.56,355.17,82.37,73.54,0.54,3,-1
84,12,487.17,351.85,148.74,98.63,0.35,3,-1
84,5,428.52,318.73,56.68,47.97,0.88,6,-1
84,8,384.67,295.71,48.22,49.93,0.88,15,-1
84,9,236.12,404.24,50.81,61.19,0.84,21,-1
85,7,495.94,353.48,81.72,88.58,0.74,3,-1
85,10,477.19,352.17,84.25,77.18,0.17,3,-1
85,12,490.09,349.28,142.01,94.02,0.77,3,-1
85,5,428.48,318.56,57.41,48.35,0.88,6,-1
85,8,385.01,295.65,48.15,49.89,0.87,15,-1
85,9,236.20,404.42,50.61,60.96,0.84,21,-1
86,7,543.45,331.54,82.90,93.21,0.03,3,-1
86,10,478.42,347.75,82.28,77.45,0.04,3,-1
86,12,494.25,344.33,141.08,93.04,0.83,3,-1
86,5,427.91,318.64,57.66,48.33,0.87,6,-1
86,8,385.16,295.66,47.78,49.56,0.87,15,-1
86,9,236.07,404.26,50.77,61.14,0.84,21,-1
87,10,539.32,323.61,96.01,95.79,0.04,3,-1
87,12,495.01,341.68,140.52,92.67,0.83,3,-1
87,5,427.49,318.66,58.27,48.62,0.87,6,-1
87,8,385.23,295.69,47.61,49.43,0.87,15,-1
87,9,235.91,404.23,50.73,61.07,0.84,21,-1
88,10,547.95,275.38,119.22,126.15,0.22,3,-1
88,12,482.12,272.81,172.77,115.61,0.60,3,-1
88,7,527.97,273.48,116.80,124.17,0.05,3,-1
88,5,427.13,318.60,58.94,49.01,0.87,6,-1
88,8,385.25,295.69,47.56,49.42,0.87,15,-1
88,9,235.85,404.25,50.67,60.97,0.84,21,-1
89,10,546.93,213.66,141.21,160.02,0.02,3,-1
89,12,454.98,223.45,234.12,161.78,0.86,3,-1
89,13,385.61,128.75,403.72,253.52,0.05,3,-1
89,7,518.62,176.57,159.73,181.29,0.14,3,-1
89,5,426.72,318.56,59.51,49.33,0.87,6,-1
89,8,384.93,295.84,47.70,49.73,0.87,15,-1
89,9,235.85,404.29,50.61,60.88,0.84,21,-1
90,12,428.00,175.19,294.02,212.03,0.77,3,-1
90,13,385.61,128.75,403.72,253.52,0.05,3,-1
90,7,516.66,135.65,165.62,197.90,0.02,3,-1
90,5,426.46,318.57,60.03,49.59,0.88,6,-1
90,8,384.76,295.89,47.84,50.09,0.87,15,-1
90,9,235.83,404.25,50.63,60.88,0.84,21,-1
91,13,385.61,128.75,403.72,253.52,0.05,3,-1
91,7,532.67,88.62,152.75,194.65,0.02,3,-1
91,5,426.32,318.58,60.17,49.53,0.87,6,-1
91,8,384.77,295.90,47.75,50.19,0.87,15,-1
91,9,235.71,404.27,50.67,60.94,0.84,21,-1
92,13,363.03,43.54,451.52,292.51,0.06,3,-1
92,7,532.68,47.98,154.24,208.69,0.06,3,-1
92,10,538.85,62.41,154.82,198.33,0.01,3,-1
92,12,412.30,90.44,337.49,269.52,0.87,3,-1
92,5,426.17,318.52,60.80,49.90,0.87,6,-1
92,8,384.89,295.93,47.50,50.10,0.87,15,-1
92,9,235.66,404.21,50.75,61.05,0.84,21,-1
93,10,555.06,17.03,83.32,103.65,0.04,3,-1
93,12,413.31,72.16,338.93,270.67,0.87,3,-1
93,5,426.39,318.53,61.05,49.86,0.87,6,-1
93,8,384.95,296.01,47.30,50.04,0.87,15,-1
93,9,235.55,404.06,50.92,61.26,0.84,21,-1
94,7,511.07,0.24,103.79,125.66,0.04,3,-1
94,5,426.48,318.65,61.16,49.72,0.87,6,-1
94,8,385.10,296.07,46.95,49.81,0.87,15,-1
94,9,235.56,404.10,50.81,61.11,0.84,21,-1
95,7,456.21,-1.34,155.83,197.54,0.86,3,-1
95,5,426.07,318.47,61.71,50.11,0.88,6,-1
95,8,385.28,296.09,46.78,49.74,0.87,15,-1
95,9,235.52,404.13,50.83,61.15,0.83,21,-1
96,7,463.02,-5.46,100.26,100.82,0.01,3,-1
96,10,607.84,1.98,44.16,59.35,0.01,3,-1
96,5,425.95,318.43,61.92,50.23,0.88,6,-1
96,8,385.46,296.11,46.52,49.56,0.87,15,-1
96,9,235.47,404.34,50.86,61.17,0.83,21,-1
97,7,409.81,1.00,169.85,180.44,0.85,3,-1
97,10,487.20,-0.92,38.45,42.44,0.65,3,-1
97,5,425.90,318.41,62.11,50.33,0.88,6,-1
97,8,385.70,296.14,46.21,49.32,0.86,15,-1
97,9,235.36,404.41,50.97,61.28,0.83,21,-1
98,10,470.07,-11.28,31.68,34.96,0.65,3,-1
98,5,425.81,318.33,62.34,50.50,0.88,6,-1
98,8,385.81,296.06,46.12,49.28,0.86,15,-1
98,9,235.35,404.52,50.92,61.21,0.83,21,-1
99,7,404.97,20.26,146.05,169.13,0.90,3,-1
99,5,425.69,318.28,62.59,50.70,0.87,6,-1
99,8,385.78,295.99,46.18,49.40,0.86,15,-1
99,9,235.27,404.50,51.00,61.29,0.83,21,-1
100,7,417.97,50.31,122.21,143.30,0.92,3,-1
100,5,426.90,319.17,62.28,50.34,0.87,6,-1
100,8,386.16,296.65,45.63,48.71,0.85,15,-1
100,9,236.01,402.68,52.80,63.48,0.83,21,-1
101,7,435.45,82.12,99.40,115.45,0.91,3,-1
101,5,427.33,319.51,62.10,50.12,0.87,6,-1
101,8,386.30,296.92,45.45,48.44,0.85,15,-1
101,9,236.27,402.00,53.48,64.31,0.83,21,-1
102,7,454.08,103.24,83.88,94.17,0.89,3,-1
102,10,483.19,109.17,59.01,62.28,0.02,3,-1
102,5,427.37,319.74,62.18,50.09,0.87,6,-1
102,8,386.29,297.03,45.41,48.31,0.86,15,-1
102,9,236.34,401.69,53.77,64.67,0.84,21,-1
103,10,478.12,124.00,64.52,68.10,0.02,3,-1
103,5,427.15,319.87,62.37,50.14,0.87,6,-1
103,8,386.22,297.02,45.48,48.32,0.86,15,-1
103,9,236.36,401.60,53.85,64.77,0.84,21,-1
104,7,493.80,111.77,79.01,81.24,0.89,3,-1
104,5,426.89,319.87,62.73,50.36,0.87,6,-1
104,8,386.16,296.97,45.64,48.42,0.86,15,-1
104,9,236.45,401.56,53.75,64.65,0.84,21,-1
105,7,506.51,107.48,79.39,79.92,0.88,3,-1
105,5,426.76,319.85,62.91,50.46,0.87,6,-1
105,8,386.09,296.93,45.82,48.56,0.86,15,-1
105,9,236.43,401.66,53.62,64.50,0.84,21,-1
106,7,513.95,95.09,85.08,85.42,0.89,3,-1
106,5,426.72,319.86,62.98,50.47,0.87,6,-1
106,8,386.02,296.98,45.90,48.59,0.86,15,-1
106,9,236.46,401.74,53.54,64.39,0.84,21,-1
107,7,522.67,89.57,84.35,84.37,0.89,3,-1
107,10,544.14,102.15,55.67,59.06,0.47,3,-1
107,5,426.62,319.89,63.10,50.53,0.87,6,-1
107,8,385.93,296.98,46.03,48.68,0.86,15,-1
107,9,236.54,401.79,53.45,64.29,0.84,21,-1
108,7,538.23,81.98,73.95,72.81,0.82,3,-1
108,10,564.58,88.76,46.36,48.78,0.81,3,-1
108,5,426.70,319.96,63.03,50.41,0.87,6,-1
108,8,385.96,296.98,46.04,48.65,0.86,15,-1
108,9,236.57,401.81,53.38,64.19,0.84,21,-1
109,10,568.87,98.46,44.65,46.98,0.81,3,-1
109,5,426.69,319.98,62.93,50.29,0.87,6,-1
109,8,385.88,296.92,46.12,48.72,0.86,15,-1
109,9,236.57,401.88,53.33,64.13,0.84,21,-1
110,7,572.32,70.25,45.16,45.01,0.87,3,-1
110,5,426.78,319.97,62.86,50.17,0.87,6,-1
110,8,385.87,296.92,46.08,48.68,0.86,15,-1
110,9,236.54,401.86,53.35,64.15,0.84,21,-1
111,7,573.25,68.35,42.70,43.12,0.88,3,-1
111,5,426.69,319.91,62.92,50.19,0.87,6,-1
111,8,385.93,296.93,46.00,48.59,0.86,15,-1
111,9,236.59,401.93,53.20,63.94,0.84,21,-1
112,7,570.90,68.01,42.81,43.98,0.87,3,-1
112,5,426.61,319.89,63.05,50.29,0.87,6,-1
112,8,386.00,296.94,45.90,48.47,0.86,15,-1
112,9,236.61,401.99,53.11,63.80,0.84,21,-1
113,7,566.05,68.13,41.83,43.73,0.87,3,-1
113,5,426.70,319.87,63.11,50.33,0.87,6,-1
113,8,386.02,296.96,45.85,48.39,0.86,15,-1
113,9,236.62,402.03,53.07,63.73,0.84,21,-1
114,7,562.06,68.41,41.31,43.74,0.89,3,-1
114,5,426.74,319.86,63.11,50.31,0.87,6,-1
114,8,386.03,297.00,45.83,48.35,0.86,15,-1
114,9,236.62,402.05,53.06,63.69,0.84,21,-1
115,7,558.14,68.92,40.50,43.14,0.87,3,-1
115,5,426.70,319.86,63.10,50.30,0.87,6,-1
115,8,386.03,297.01,45.83,48.33,0.86,15,-1
115,9,236.62,402.02,53.15,63.77,0.84,21,-1
116,7,554.90,69.53,40.65,43.65,0.89,3,-1
116,5,426.65,319.84,63.08,50.28,0.87,6,-1
116,8,386.02,296.99,45.84,48.33,0.86,15,-1
116,9,236.69,402.00,53.05,63.60,0.84,21,-1
117,7,553.23,70.47,39.99,43.18,0.88,3,-1
117,5,426.61,319.84,63.05,50.26,0.87,6,-1
117,8,386.01,296.98,45.85,48.34,0.86,15,-1
117,9,236.70,401.98,53.05,63.56,0.84,21,-1
118,7,550.35,72.12,41.18,44.33,0.88,3,-1
118,5,426.64,319.80,63.06,50.27,0.87,6,-1
118,8,385.97,296.99,45.85,48.32,0.86,15,-1
118,9,236.68,401.97,53.09,63.58,0.84,21,-1
119,7,548.55,73.19,42.30,45.57,0.86,3,-1
119,5,426.67,319.81,63.00,50.20,0.87,6,-1
119,8,386.00,297.03,45.80,48.26,0.86,15,-1
119,9,236.67,401.96,53.13,63.59,0.84,21,-1
120,7,547.40,74.59,43.04,46.52,0.88,3,-1
120,5,426.60,319.82,63.02,50.20,0.87,6,-1
120,8,385.97,297.05,45.78,48.21,0.86,15,-1
120,9,236.65,401.93,53.20,63.65,0.84,21,-1
121,7,547.53,77.63,42.55,46.41,0.87,3,-1
121,5,426.60,319.85,62.90,50.08,0.87,6,-1
121,8,385.96,297.06,45.76,48.18,0.86,15,-1
121,9,236.67,401.97,53.17,63.60,0.84,21,-1
122,7,545.79,79.31,42.66,46.91,0.87,3,-1
122,5,426.60,319.86,62.86,50.01,0.87,6,-1
122,8,385.95,297.06,45.77,48.17,0.86,15,-1
122,9,236.67,401.99,53.18,63.58,0.84,21,-1
123,7,543.41,81.44,43.03,47.76,0.88,3,-1
123,5,426.59,319.86,62.85,49.98,0.87,6,-1
123,8,385.94,297.05,45.75,48.15,0.86,15,-1
123,9,236.66,401.98,53.24,63.63,0.84,21,-1
124,7,541.84,83.50,43.07,48.24,0.87,3,-1
124,5,426.58,319.83,62.91,50.02,0.87,6,-1
124,8,385.88,297.01,45.81,48.21,0.86,15,-1
124,9,236.65,401.96,53.30,63.69,0.84,21,-1
125,7,540.57,84.99,43.59,49.22,0.86,3,-1
125,5,426.57,319.80,62.93,50.02,0.87,6,-1
125,8,385.82,296.98,45.87,48.27,0.86,15,-1
125,9,236.47,401.87,53.53,63.96,0.84,21,-1
126,7,539.29,86.44,43.37,49.25,0.86,3,-1
126,5,426.54,319.78,62.89,49.98,0.87,6,-1
126,8,385.88,297.01,45.84,48.25,0.86,15,-1
126,9,236.40,401.77,53.74,64.21,0.84,21,-1
127,7,537.96,87.67,43.67,49.94,0.85,3,-1
127,5,426.52,319.78,62.90,49.97,0.87,6,-1
127,8,385.91,297.02,45.83,48.25,0.86,15,-1
127,9,236.38,401.71,53.85,64.34,0.84,21,-1
128,7,535.03,89.11,44.77,51.88,0.86,3,-1
128,5,426.57,319.86,62.73,49.81,0.87,6,-1
128,8,385.94,297.02,45.75,48.16,0.86,15,-1
128,9,236.27,401.61,53.97,64.46,0.84,21,-1
129,7,533.19,91.28,44.81,52.50,0.87,3,-1
129,5,426.58,319.91,62.66,49.72,0.87,6,-1
129,8,385.96,297.04,45.69,48.10,0.86,15,-1
129,9,236.23,401.58,54.00,64.49,0.84,21,-1
130,7,531.27,93.23,44.40,52.42,0.86,3,-1
130,5,426.61,319.96,62.30,49.40,0.86,6,-1
130,8,385.96,297.05,45.69,48.10,0.86,15,-1
130,9,236.21,401.52,54.11,64.62,0.84,21,-1
131,7,529.40,94.86,44.00,52.20,0.85,3,-1
131,5,426.65,319.98,62.18,49.28,0.86,6,-1
131,8,385.94,297.06,45.69,48.09,0.86,15,-1
131,9,236.19,401.49,54.17,64.71,0.84,21,-1
132,7,527.07,96.74,44.42,52.99,0.88,3,-1
132,5,426.61,319.94,62.18,49.26,0.86,6,-1
132,8,385.85,296.84,45.73,48.11,0.85,15,-1
132,9,236.18,401.50,54.17,64.73,0.84,21,-1
133,7,523.39,99.79,44.45,53.12,0.87,3,-1
133,5,426.62,319.98,62.10,49.18,0.86,6,-1
133,8,385.86,296.80,45.69,48.04,0.85,15,-1
133,9,236.10,401.51,54.11,64.70,0.83,21,-1
134,7,520.88,102.19,43.50,51.92,0.86,3,-1
134,5,426.55,319.97,62.16,49.21,0.86,6,-1
134,8,385.83,296.76,45.67,47.99,0.85,15,-1
134,9,236.08,401.50,54.09,64.71,0.83,21,-1
135,7,518.26,103.19,43.65,52.21,0.86,3,-1
135,5,426.56,319.99,62.10,49.15,0.86,6,-1
135,8,385.83,296.77,45.65,47.96,0.86,15,-1
135,9,236.10,401.52,54.04,64.69,0.83,21,-1
136,7,516.36,104.88,43.43,51.90,0.87,3,-1
136,5,426.53,320.01,62.11,49.14,0.86,6,-1
136,8,385.77,296.81,45.67,47.96,0.86,15,-1
136,9,236.10,401.54,53.99,64.65,0.83,21,-1
137,7,514.80,105.91,43.42,51.66,0.87,3,-1
137,5,426.56,320.03,62.03,49.05,0.86,6,-1
137,8,385.74,296.82,45.71,47.99,0.86,15,-1
137,9,236.10,401.55,53.95,64.64,0.83,21,-1
138,7,512.19,108.48,43.60,51.81,0.86,3,-1
138,5,426.54,320.03,62.08,49.07,0.86,6,-1
138,8,385.69,296.84,45.74,48.01,0.85,15,-1
138,9,236.11,401.55,53.92,64.64,0.83,21,-1
139,7,510.48,112.33,42.25,49.95,0.84,3,-1
139,5,426.55,320.03,62.02,49.02,0.86,6,-1
139,8,385.74,296.93,45.66,47.91,0.85,15,-1
139,9,236.12,401.62,53.85,64.59,0.84,21,-1
140,7,508.79,114.87,41.15,48.29,0.84,3,-1
140,5,426.61,320.06,61.98,48.97,0.86,6,-1
140,8,385.73,297.00,45.62,47.86,0.85,15,-1
140,9,236.11,401.64,53.79,64.56,0.83,21,-1
141,7,506.40,117.90,39.91,46.60,0.84,3,-1
141,5,426.65,320.09,61.87,48.86,0.86,6,-1
141,8,385.76,297.03,45.56,47.78,0.85,15,-1
141,9,236.11,401.65,53.77,64.57,0.83,21,-1
142,7,504.55,120.74,38.59,44.53,0.85,3,-1
142,5,426.70,320.11,61.85,48.84,0.86,6,-1
142,8,385.73,297.02,45.66,47.87,0.85,15,-1
142,9,236.03,401.58,53.81,64.74,0.83,21,-1
143,7,498.67,121.75,39.79,45.95,0.86,3,-1
143,5,426.74,320.10,61.84,48.83,0.86,6,-1
143,8,385.72,297.01,45.76,47.95,0.85,15,-1
143,9,236.01,401.51,53.84,64.91,0.84,21,-1
144,7,495.64,124.76,38.77,44.54,0.84,3,-1
144,5,426.75,320.13,61.76,48.75,0.86,6,-1
144,8,385.71,297.02,45.78,47.94,0.85,15,-1
144,9,236.03,401.54,53.71,64.86,0.84,21,-1
145,7,493.45,126.77,37.79,42.79,0.86,3,-1
145,5,426.69,320.13,61.86,48.82,0.86,6,-1
145,8,385.71,297.01,45.82,47.96,0.85,15,-1
145,9,236.07,401.56,53.59,64.81,0.84,21,-1
146,7,490.82,130.01,36.29,40.70,0.86,3,-1
146,5,426.67,320.12,61.89,48.83,0.86,6,-1
146,8,385.76,297.07,45.75,47.86,0.85,15,-1
146,9,236.14,401.54,53.56,64.84,0.84,21,-1
147,7,488.96,132.33,35.39,39.30,0.86,3,-1
147,5,426.65,320.18,61.88,48.81,0.87,6,-1
147,8,385.74,297.09,45.78,47.86,0.85,15,-1
147,9,236.22,401.55,53.51,64.84,0.84,21,-1
148,7,485.12,134.17,35.48,39.15,0.86,3,-1
148,5,426.46,320.16,62.08,48.95,0.86,6,-1
148,8,385.74,297.13,45.83,47.89,0.85,15,-1
148,9,236.24,401.50,53.50,64.90,0.84,21,-1
149,7,482.38,136.45,34.40,37.51,0.85,3,-1
149,5,426.40,320.19,62.01,48.88,0.86,6,-1
149,8,385.76,297.12,45.87,47.89,0.85,15,-1
149,9,236.23,401.51,53.39,64.84,0.83,21,-1
150,7,480.67,138.12,33.76,36.29,0.86,3,-1
150,5,426.34,320.21,61.91,48.80,0.87,6,-1
150,8,386.11,296.73,45.79,47.86,0.85,15,-1
150,9,235.58,401.84,53.43,64.88,0.84,21,-1
151,7,478.36,138.99,33.05,35.08,0.86,3,-1
151,5,426.40,320.20,61.79,48.72,0.87,6,-1
151,8,386.26,296.57,45.74,47.84,0.85,15,-1
151,9,235.36,401.94,53.43,64.88,0.84,21,-1
152,7,476.56,139.96,32.59,34.01,0.85,3,-1
152,5,426.45,320.18,61.72,48.69,0.87,6,-1
152,8,386.31,296.51,45.73,47.86,0.85,15,-1
152,9,235.53,402.60,52.50,63.72,0.83,21,-1
153,7,473.38,140.66,33.17,34.10,0.84,3,-1
153,5,426.51,320.17,61.59,48.59,0.87,6,-1
153,8,386.29,296.45,45.74,47.91,0.85,15,-1
153,9,235.26,402.24,53.07,64.46,0.83,21,-1
154,7,471.34,141.49,33.24,33.68,0.84,3,-1
154,5,426.54,320.16,61.59,48.60,0.87,6,-1
154,8,386.31,296.42,45.72,47.92,0.85,15,-1
154,9,235.17,402.10,53.28,64.76,0.83,21,-1
155,7,469.52,141.90,33.58,33.50,0.83,3,-1
155,5,426.54,320.14,61.60,48.61,0.87,6,-1
155,8,386.31,296.41,45.69,47.91,0.85,15,-1
155,9,235.18,402.07,53.30,64.83,0.83,21,-1
156,7,467.00,142.38,34.02,33.56,0.84,3,-1
156,5,426.49,320.09,61.67,48.68,0.88,6,-1
156,8,386.34,296.42,45.60,47.86,0.85,15,-1
156,9,235.13,401.94,53.46,65.03,0.83,21,-1
157,7,465.43,142.56,34.20,33.46,0.83,3,-1
157,5,426.49,320.09,61.65,48.67,0.88,6,-1
157,8,386.40,296.44,45.50,47.78,0.85,15,-1
157,9,235.19,401.91,53.46,65.05,0.83,21,-1
158,7,462.02,143.11,34.87,33.89,0.84,3,-1
158,5,426.52,320.07,61.63,48.66,0.88,6,-1
158,8,386.43,296.44,45.44,47.74,0.85,15,-1
158,9,235.20,401.88,53.46,65.05,0.83,21,-1
159,7,459.59,143.20,35.47,34.28,0.84,3,-1
159,5,426.53,320.06,61.64,48.69,0.88,6,-1
159,8,386.41,296.42,45.46,47.79,0.85,15,-1
159,9,235.38,401.92,53.31,64.88,0.83,21,-1
160,7,458.04,144.01,35.27,33.91,0.84,3,-1
160,5,426.54,320.05,61.65,48.71,0.87,6,-1
160,8,386.41,296.39,45.47,47.82,0.85,15,-1
160,9,235.43,401.98,53.22,64.77,0.83,21,-1
161,7,457.03,144.31,35.11,33.34,0.84,3,-1
161,5,426.52,320.01,61.70,48.77,0.87,6,-1
161,8,386.38,296.36,45.54,47.92,0.85,15,-1
161,9,235.43,401.98,53.25,64.81,0.83,21,-1
162,7,456.23,144.88,35.42,33.30,0.84,3,-1
162,5,426.54,320.02,61.68,48.77,0.87,6,-1
162,8,386.37,296.36,45.51,47.91,0.85,15,-1
162,9,235.83,401.89,53.21,64.85,0.83,21,-1
163,7,453.44,144.65,36.10,33.78,0.83,3,-1
163,5,426.53,320.00,61.69,48.77,0.87,6,-1
163,8,386.38,296.37,45.44,47.86,0.85,15,-1
163,9,235.58,402.12,52.84,64.45,0.83,21,-1
164,7,452.38,144.88,35.88,33.36,0.83,3,-1
164,5,426.54,320.01,61.68,48.76,0.87,6,-1
164,8,386.40,296.38,45.38,47.83,0.85,15,-1
164,9,235.51,402.22,52.66,64.27,0.83,21,-1
165,7,451.89,144.74,35.94,33.24,0.83,3,-1
165,5,426.55,320.00,61.71,48.78,0.87,6,-1
165,8,386.39,296.37,45.33,47.79,0.85,15,-1
165,9,235.45,402.12,52.71,64.37,0.83,21,-1
166,7,452.00,144.45,36.22,33.29,0.83,3,-1
166,5,426.54,319.98,61.72,48.78,0.87,6,-1
166,8,386.39,296.38,45.28,47.76,0.85,15,-1
166,9,235.46,402.11,52.57,64.24,0.83,21,-1
167,7,452.49,144.21,36.42,33.24,0.83,3,-1
167,5,426.53,319.98,61.74,48.79,0.87,6,-1
167,8,386.37,296.37,45.30,47.80,0.85,15,-1
167,9,235.54,402.12,52.43,64.09,0.83,21,-1
168,7,454.01,143.91,36.80,33.40,0.82,3,-1
168,5,426.06,319.80,62.28,49.25,0.87,6,-1
168,8,386.41,296.38,45.15,47.65,0.85,15,-1
168,9,235.62,402.18,52.25,63.90,0.83,21,-1
169,7,454.80,143.38,37.36,33.77,0.84,3,-1
169,5,426.40,319.89,61.84,48.88,0.87,6,-1
169,8,386.43,296.39,45.09,47.60,0.85,15,-1
169,9,235.67,402.17,52.23,63.90,0.83,21,-1
170,7,455.43,143.23,37.55,33.79,0.84,3,-1
170,5,426.53,319.92,61.65,48.72,0.88,6,-1
170,8,386.45,296.39,45.02,47.54,0.85,15,-1
170,9,235.70,402.16,52.15,63.84,0.83,21,-1
171,7,455.89,143.18,37.84,33.93,0.84,3,-1
171,5,426.56,319.94,61.60,48.66,0.88,6,-1
171,8,386.45,296.40,44.98,47.50,0.85,15,-1
171,9,235.69,402.08,52.17,63.91,0.83,21,-1
172,7,456.11,143.25,38.06,34.05,0.83,3,-1
172,5,426.58,319.94,61.59,48.64,0.88,6,-1
172,8,386.46,296.40,44.96,47.50,0.85,15,-1
172,9,235.70,402.02,52.19,63.98,0.83,21,-1
173,7,456.36,143.25,38.47,34.25,0.84,3,-1
173,5,426.56,319.94,61.60,48.64,0.88,6,-1
173,8,386.44,296.40,44.94,47.48,0.85,15,-1
173,9,235.78,402.01,52.17,64.01,0.83,21,-1
174,7,456.64,142.95,38.42,34.07,0.84,3,-1
174,5,426.57,319.94,61.61,48.65,0.88,6,-1
174,8,386.44,296.42,44.91,47.45,0.85,15,-1
174,9,235.82,402.00,52.16,64.04,0.83,21,-1
175,7,456.78,142.70,38.47,33.96,0.84,3,-1
175,5,426.56,319.92,61.63,48.66,0.88,6,-1
175,8,386.56,296.63,44.76,47.22,0.85,15,-1
175,9,235.82,401.95,52.18,64.09,0.83,21,-1
176,7,456.73,141.96,38.82,34.18,0.84,3,-1
176,5,426.10,319.73,62.15,49.11,0.88,6,-1
176,8,386.63,296.72,44.71,47.09,0.85,15,-1
176,9,235.85,401.92,52.17,64.11,0.83,21,-1
177,7,456.67,141.54,39.02,34.28,0.84,3,-1
177,5,426.43,319.84,61.75,48.79,0.88,6,-1
177,8,386.64,296.76,44.71,47.03,0.85,15,-1
177,9,235.85,401.92,52.14,64.11,0.83,21,-1
178,7,456.85,141.21,38.86,34.03,0.84,3,-1
178,5,426.55,319.89,61.61,48.67,0.88,6,-1
178,8,386.62,296.77,44.73,46.99,0.84,15,-1
178,9,235.85,401.95,52.10,64.08,0.83,21,-1
179,7,456.83,141.14,38.67,33.78,0.84,3,-1
179,5,426.61,319.93,61.50,48.57,0.88,6,-1
179,8,386.45,296.57,44.95,47.25,0.84,15,-1
179,9,235.87,401.97,52.05,64.05,0.83,21,-1
180,7,457.22,140.96,38.49,33.57,0.84,3,-1
180,5,426.64,319.94,61.46,48.53,0.88,6,-1
180,8,386.53,296.70,44.82,47.06,0.84,15,-1
180,9,235.84,401.98,52.04,64.06,0.83,21,-1
181,7,458.04,140.98,38.01,33.14,0.85,3,-1
181,5,426.67,319.95,61.40,48.48,0.88,6,-1
181,8,386.40,296.57,44.97,47.24,0.85,15,-1
181,9,235.83,402.01,52.00,64.03,0.83,21,-1
182,7,459.40,140.98,37.96,33.03,0.85,3,-1
182,5,426.66,319.95,61.37,48.44,0.88,6,-1
182,8,386.48,296.72,44.81,47.03,0.84,15,-1
182,9,235.84,402.01,51.99,64.04,0.83,21,-1
183,7,462.42,140.11,38.72,33.59,0.85,3,-1
183,5,426.62,319.96,61.37,48.41,0.88,6,-1
183,8,386.54,296.80,44.71,46.86,0.85,15,-1
183,9,235.85,402.02,51.97,64.04,0.83,21,-1
184,7,464.60,138.79,39.57,34.33,0.85,3,-1
184,5,426.59,319.95,61.40,48.42,0.88,6,-1
184,8,386.55,296.83,44.75,46.86,0.85,15,-1
184,9,235.85,402.01,51.97,64.06,0.83,21,-1
185,7,465.81,137.02,41.13,35.90,0.85,3,-1
185,5,426.58,319.93,61.39,48.40,0.88,6,-1
185,8,386.52,296.84,44.85,46.92,0.85,15,-1
185,9,235.82,401.99,51.99,64.11,0.83,21,-1
186,7,467.57,134.46,43.23,38.17,0.85,3,-1
186,5,426.57,319.94,61.40,48.40,0.88,6,-1
186,8,386.49,296.83,44.96,47.00,0.85,15,-1
186,9,235.82,402.00,51.99,64.12,0.83,21,-1
187,7,469.05,132.13,44.29,39.60,0.86,3,-1
187,5,426.57,319.97,61.37,48.36,0.88,6,-1
187,8,386.47,296.83,44.96,46.96,0.85,15,-1
187,9,235.84,402.01,51.96,64.11,0.83,21,-1
188,7,473.64,130.51,43.73,39.55,0.86,3,-1
188,5,426.65,320.03,61.20,48.21,0.88,6,-1
188,8,386.38,296.66,45.06,47.12,0.85,15,-1
188,9,235.85,402.02,51.93,64.10,0.83,21,-1
189,7,476.04,128.48,44.97,41.33,0.86,3,-1
189,5,426.66,320.04,61.20,48.20,0.88,6,-1
189,8,386.40,296.61,45.05,47.13,0.85,15,-1
189,9,235.86,402.02,51.91,64.08,0.83,21,-1
190,7,478.09,126.13,45.49,42.49,0.86,3,-1
190,5,426.66,320.06,61.22,48.20,0.88,6,-1
190,8,386.43,296.62,45.06,47.17,0.85,15,-1
190,9,235.86,402.03,51.88,64.06,0.83,21,-1
191,7,480.33,125.63,45.09,42.62,0.86,3,-1
191,5,426.63,320.06,61.26,48.21,0.88,6,-1
191,8,386.43,296.58,45.13,47.27,0.85,15,-1
191,9,235.85,402.02,51.89,64.08,0.83,21,-1
192,7,482.46,125.57,44.31,42.26,0.86,3,-1
192,5,426.61,320.06,61.34,48.25,0.88,6,-1
192,8,386.45,296.55,45.11,47.27,0.85,15,-1
192,9,235.88,402.01,51.85,64.05,0.83,21,-1
193,7,484.42,124.52,44.10,42.60,0.87,3,-1
193,5,426.59,320.04,61.39,48.28,0.88,6,-1
193,8,386.42,296.49,45.18,47.36,0.85,15,-1
193,9,235.89,401.94,51.92,64.14,0.83,21,-1
194,7,486.03,124.75,42.69,41.66,0.87,3,-1
194,5,426.54,320.03,61.47,48.34,0.88,6,-1
194,8,386.40,296.48,45.21,47.39,0.85,15,-1
194,9,235.88,401.91,51.96,64.19,0.83,21,-1
195,7,487.79,126.30,40.29,39.56,0.86,3,-1
195,5,426.50,320.03,61.52,48.37,0.88,6,-1
195,8,386.41,296.48,45.21,47.40,0.85,15,-1
195,9,235.85,401.88,52.03,64.28,0.83,21,-1
196,7,489.62,128.26,38.08,37.53,0.86,3,-1
196,5,426.49,320.03,61.52,48.36,0.88,6,-1
196,8,386.42,296.50,45.18,47.38,0.85,15,-1
196,9,235.83,401.88,52.05,64.31,0.83,21,-1
197,7,491.37,131.27,35.17,34.57,0.85,3,-1
197,5,426.48,320.02,61.53,48.36,0.88,6,-1
197,8,386.41,296.48,45.22,47.41,0.85,15,-1
197,9,235.82,401.85,52.10,64.37,0.83,21,-1
198,7,493.08,135.47,31.91,31.07,0.86,3,-1
198,5,426.50,320.04,61.49,48.33,0.88,6,-1
198,8,386.39,296.45,45.24,47.43,0.85,15,-1
198,9,235.80,401.82,52.16,64.45,0.83,21,-1
199,7,493.80,139.33,28.98,27.65,0.86,3,-1
199,5,426.47,320.04,61.48,48.32,0.88,6,-1
199,8,386.39,296.40,45.25,47.45,0.85,15,-1
199,9,235.78,401.80,52.22,64.51,0.83,21,-1
200,7,494.34,142.02,26.89,25.09,0.85,3,-1
200,5,426.70,320.36,60.95,47.72,0.88,6,-1
200,8,386.28,296.59,45.26,47.40,0.85,15,-1
200,9,235.61,403.17,51.10,63.07,0.84,21,-1
201,7,492.84,145.13,25.32,23.10,0.80,3,-1
201,5,426.75,320.47,60.83,47.47,0.88,6,-1
201,8,386.23,296.66,45.27,47.36,0.85,15,-1
201,9,235.63,403.56,50.82,62.66,0.84,21,-1
202,7,490.83,147.70,23.03,20.86,0.39,3,-1
202,5,426.77,320.53,60.86,47.35,0.88,6,-1
202,8,386.23,296.68,45.28,47.32,0.85,15,-1
202,9,235.36,403.09,51.48,63.46,0.84,21,-1
203,7,487.38,151.61,19.89,18.33,0.03,3,-1
203,5,426.66,320.52,61.10,47.44,0.88,6,-1
203,8,386.20,296.63,45.36,47.37,0.85,15,-1
203,9,235.27,402.86,51.78,63.82,0.84,21,-1
204,5,426.58,320.55,61.29,47.50,0.88,6,-1
204,8,386.18,296.61,45.40,47.37,0.85,15,-1
204,9,235.49,403.35,51.24,63.10,0.84,21,-1
205,5,426.51,320.56,61.35,47.44,0.88,6,-1
205,8,386.17,296.59,45.41,47.36,0.85,15,-1
205,9,235.60,403.57,51.03,62.78,0.84,21,-1
206,5,426.43,320.57,61.50,47.48,0.88,6,-1
206,8,386.11,296.56,45.45,47.38,0.85,15,-1
206,9,235.57,403.63,51.00,62.68,0.84,21,-1
207,5,426.32,320.59,61.64,47.51,0.88,6,-1
207,8,386.07,296.54,45.51,47.42,0.85,15,-1
207,9,235.56,403.64,51.02,62.64,0.84,21,-1
208,5,426.22,320.59,61.78,47.54,0.88,6,-1
208,8,386.05,296.54,45.53,47.42,0.85,15,-1
208,9,235.51,403.60,51.07,62.66,0.84,21,-1
209,5,426.13,320.60,61.92,47.58,0.88,6,-1
209,8,386.06,296.58,45.45,47.33,0.85,15,-1
209,9,235.53,403.59,51.05,62.60,0.84,21,-1
210,5,426.05,320.57,62.09,47.64,0.88,6,-1
210,8,386.07,296.61,45.41,47.28,0.85,15,-1
210,9,235.56,403.62,51.01,62.51,0.84,21,-1
211,5,426.00,320.53,62.20,47.68,0.88,6,-1
211,8,386.06,296.59,45.40,47.25,0.84,15,-1
211,9,235.28,402.92,51.86,63.57,0.84,21,-1
212,5,425.98,320.52,62.25,47.67,0.88,6,-1
212,8,386.12,296.58,45.34,47.16,0.84,15,-1
212,9,235.19,402.68,52.15,63.94,0.84,21,-1
213,5,425.95,320.51,62.30,47.68,0.88,6,-1
213,8,386.12,296.55,45.35,47.15,0.84,15,-1
213,9,235.15,402.59,52.25,64.07,0.84,21,-1
214,5,425.90,320.46,62.47,47.79,0.88,6,-1
214,8,386.08,296.53,45.39,47.16,0.84,15,-1
214,9,235.12,402.55,52.31,64.15,0.84,21,-1
215,5,425.86,320.43,62.57,47.85,0.88,6,-1
215,8,386.05,296.50,45.44,47.19,0.84,15,-1
215,9,235.12,402.53,52.33,64.20,0.84,21,-1
216,5,425.81,320.42,62.65,47.91,0.88,6,-1
216,8,386.03,296.49,45.48,47.23,0.84,15,-1
216,9,235.18,402.51,52.33,64.21,0.84,21,-1
217,5,425.83,320.44,62.59,47.84,0.88,6,-1
217,8,386.05,296.52,45.48,47.20,0.84,15,-1
217,9,235.26,402.54,52.23,64.10,0.84,21,-1
218,5,425.85,320.45,62.57,47.81,0.88,6,-1
218,8,386.09,296.56,45.44,47.14,0.84,15,-1
218,9,235.30,402.53,52.19,64.07,0.84,21,-1
219,5,425.84,320.43,62.62,47.83,0.88,6,-1
219,8,386.08,296.59,45.45,47.14,0.84,15,-1
219,9,235.43,402.52,52.12,64.00,0.84,21,-1
220,5,425.84,320.42,62.63,47.83,0.88,6,-1
220,8,386.09,296.58,45.43,47.09,0.84,15,-1
220,9,235.48,402.51,52.09,63.98,0.84,21,-1
221,5,425.81,320.40,62.67,47.85,0.88,6,-1
221,8,386.05,296.57,45.50,47.15,0.84,15,-1
221,9,235.55,402.46,52.10,64.01,0.84,21,-1
222,5,425.74,320.38,62.72,47.86,0.88,6,-1
222,8,386.06,296.57,45.49,47.12,0.84,15,-1
222,9,235.58,402.44,52.08,64.01,0.84,21,-1
223,5,425.70,320.35,62.78,47.90,0.88,6,-1
223,8,386.03,296.55,45.51,47.13,0.84,15,-1
223,9,235.62,402.44,52.03,63.96,0.84,21,-1
224,5,425.70,320.32,62.80,47.91,0.88,6,-1
224,8,386.02,296.53,45.52,47.13,0.84,15,-1
224,9,235.62,402.41,52.03,63.96,0.84,21,-1
225,5,425.69,320.30,62.79,47.89,0.88,6,-1
225,8,386.01,296.60,45.52,47.12,0.84,15,-1
225,9,235.63,402.41,52.01,63.94,0.84,21,-1
226,5,425.70,320.31,62.72,47.82,0.88,6,-1
226,8,385.93,296.61,45.58,47.19,0.84,15,-1
226,9,235.66,402.43,51.97,63.88,0.84,21,-1
227,5,425.71,320.31,62.70,47.79,0.88,6,-1
227,8,385.88,296.61,45.62,47.23,0.84,15,-1
227,9,235.67,402.43,51.97,63.86,0.84,21,-1
228,5,425.70,320.31,62.73,47.81,0.88,6,-1
228,8,385.85,296.62,45.65,47.26,0.84,15,-1
228,9,235.67,402.43,51.97,63.86,0.84,21,-1
229,5,425.69,320.32,62.72,47.80,0.88,6,-1
229,8,385.88,296.62,45.67,47.27,0.84,15,-1
229,9,235.65,402.44,51.98,63.86,0.84,21,-1
230,5,425.74,320.33,62.64,47.72,0.88,6,-1
230,8,385.88,296.62,45.66,47.26,0.84,15,-1
230,9,235.64,402.45,51.97,63.85,0.84,21,-1
231,5,425.67,320.32,62.76,47.80,0.88,6,-1
231,8,385.91,296.63,45.64,47.23,0.84,15,-1
231,9,235.64,402.45,51.98,63.84,0.84,21,-1
232,5,425.63,320.34,62.81,47.82,0.88,6,-1
232,8,385.92,296.66,45.61,47.21,0.84,15,-1
232,9,235.63,402.44,52.00,63.86,0.84,21,-1
233,5,425.63,320.35,62.82,47.82,0.88,6,-1
233,8,385.95,296.67,45.57,47.17,0.84,15,-1
233,9,235.62,402.43,52.01,63.87,0.84,21,-1
234,5,425.62,320.37,62.83,47.82,0.88,6,-1
234,8,385.95,296.65,45.58,47.17,0.84,15,-1
234,9,235.62,402.45,52.00,63.85,0.84,21,-1
235,5,425.65,320.38,62.81,47.79,0.88,6,-1
235,8,385.96,296.65,45.57,47.16,0.84,15,-1
235,9,235.62,402.45,52.00,63.84,0.84,21,-1
236,5,425.66,320.38,62.80,47.78,0.88,6,-1
236,8,385.97,296.64,45.56,47.16,0.84,15,-1
236,9,235.61,402.45,52.01,63.83,0.84,21,-1
237,5,425.66,320.36,62.81,47.77,0.88,6,-1
237,8,385.96,296.64,45.56,47.16,0.84,15,-1
237,9,235.61,402.47,52.00,63.81,0.84,21,-1
238,5,425.70,320.41,62.72,47.69,0.88,6,-1
238,8,385.98,296.67,45.51,47.11,0.84,15,-1
238,9,235.64,402.51,51.94,63.74,0.84,21,-1
239,5,425.73,320.42,62.70,47.66,0.88,6,-1
239,8,386.00,296.69,45.48,47.08,0.84,15,-1
239,9,235.66,402.54,51.90,63.69,0.84,21,-1
240,7,477.10,156.76,20.08,18.26,0.01,3,-1
240,5,425.72,320.41,62.74,47.68,0.88,6,-1
240,8,386.01,296.69,45.45,47.06,0.84,15,-1
240,9,235.65,402.54,51.91,63.69,0.84,21,-1
241,7,474.74,157.80,20.89,18.57,0.02,3,-1
241,5,425.71,320.41,62.76,47.69,0.88,6,-1
241,8,386.01,296.69,45.45,47.06,0.84,15,-1
241,9,235.64,402.55,51.92,63.70,0.84,21,-1
242,7,474.54,157.68,21.93,19.02,0.05,3,-1
242,5,425.71,320.43,62.71,47.64,0.88,6,-1
242,8,386.02,296.71,45.43,47.04,0.84,15,-1
242,9,235.64,402.54,51.93,63.70,0.84,21,-1
243,7,474.42,156.88,23.95,20.18,0.33,3,-1
243,5,425.73,320.46,62.65,47.57,0.88,6,-1
243,8,386.02,296.71,45.41,47.01,0.84,15,-1
243,9,235.66,402.57,51.89,63.65,0.84,21,-1
244,7,458.60,155.44,30.22,22.74,0.01,3,-1
244,10,474.59,155.76,26.03,21.31,0.45,3,-1
244,5,425.71,320.47,62.67,47.57,0.88,6,-1
244,8,386.00,296.71,45.42,47.02,0.84,15,-1
244,9,235.67,402.57,51.88,63.63,0.84,21,-1
245,10,472.40,153.88,25.65,20.99,0.45,3,-1
245,5,425.73,320.50,62.61,47.50,0.88,6,-1
245,8,386.00,296.72,45.41,47.00,0.84,15,-1
245,9,235.66,402.57,51.88,63.63,0.84,21,-1
246,7,470.36,156.74,28.44,20.75,0.50,3,-1
246,5,425.74,320.52,62.62,47.49,0.88,6,-1
246,8,386.00,296.73,45.40,46.99,0.84,15,-1
246,9,235.66,402.57,51.89,63.64,0.84,21,-1
247,7,471.37,157.25,28.07,20.25,0.67,3,-1
247,5,425.74,320.53,62.59,47.46,0.88,6,-1
247,8,386.00,296.73,45.40,46.99,0.84,15,-1
247,9,235.65,402.55,51.92,63.66,0.84,21,-1
248,7,470.87,157.69,27.83,19.95,0.68,3,-1
248,5,425.75,320.52,62.61,47.46,0.88,6,-1
248,8,386.00,296.73,45.40,46.99,0.84,15,-1
248,9,235.63,402.53,51.96,63.70,0.84,21,-1
249,7,470.52,157.98,27.27,19.45,0.57,3,-1
249,5,425.75,320.52,62.61,47.44,0.88,6,-1
249,8,386.01,296.73,45.39,46.97,0.84,15,-1
249,9,235.63,402.55,51.94,63.67,0.84,21,-1
250,7,470.72,158.31,26.98,19.12,0.78,3,-1
250,5,424.83,320.18,63.71,48.37,0.88,6,-1
250,8,385.65,296.41,45.43,47.09,0.84,15,-1
250,9,235.82,403.23,51.04,62.54,0.84,21,-1
251,7,470.25,158.10,27.81,19.67,0.76,3,-1
251,5,424.49,320.03,64.15,48.81,0.88,6,-1
251,8,385.53,296.28,45.43,47.15,0.84,15,-1
251,9,235.84,403.46,50.80,62.21,0.84,21,-1
252,7,469.87,158.12,28.27,19.95,0.75,3,-1
252,5,424.41,319.97,64.25,48.97,0.88,6,-1
252,8,385.50,296.23,45.39,47.17,0.84,15,-1
252,9,235.84,403.53,50.73,62.10,0.84,21,-1
253,7,469.66,158.84,27.82,19.53,0.75,3,-1
253,5,424.42,319.94,64.23,49.05,0.88,6,-1
253,8,385.50,296.20,45.37,47.19,0.84,15,-1
253,9,235.83,403.55,50.73,62.07,0.84,21,-1
254,7,469.41,159.39,28.07,19.59,0.75,3,-1
254,5,424.47,319.94,64.13,49.05,0.88,6,-1
254,8,385.52,296.20,45.32,47.19,0.84,15,-1
254,9,235.84,403.60,50.73,62.04,0.84,21,-1
255,7,469.12,159.65,28.69,19.97,0.73,3,-1
255,5,424.49,319.93,64.08,49.08,0.88,6,-1
255,8,385.54,296.20,45.28,47.20,0.84,15,-1
255,9,235.83,403.61,50.74,62.04,0.84,21,-1
256,7,468.93,159.79,29.11,20.25,0.71,3,-1
256,5,424.55,319.95,63.97,49.06,0.88,6,-1
256,8,385.56,296.21,45.24,47.20,0.84,15,-1
256,9,235.82,403.62,50.76,62.04,0.84,21,-1
257,7,468.75,159.95,29.18,20.26,0.66,3,-1
257,5,424.58,319.95,63.90,49.07,0.88,6,-1
257,8,385.57,296.21,45.22,47.21,0.84,15,-1
257,9,235.81,403.61,50.78,62.05,0.84,21,-1
258,7,468.70,159.96,29.16,20.23,0.65,3,-1
258,5,424.64,319.94,63.79,49.03,0.88,6,-1
258,8,385.59,296.20,45.18,47.20,0.84,15,-1
258,9,235.80,403.61,50.81,62.06,0.84,21,-1
259,7,469.04,159.73,29.17,20.22,0.76,3,-1
259,5,424.67,319.95,63.71,49.01,0.88,6,-1
259,8,385.60,296.21,45.15,47.20,0.84,15,-1
259,9,235.80,403.60,50.82,62.07,0.84,21,-1
260,7,470.34,159.76,28.17,19.32,0.78,3,-1
260,5,424.69,319.94,63.67,49.02,0.88,6,-1
260,8,385.61,296.21,45.14,47.21,0.84,15,-1
260,9,235.78,403.59,50.88,62.13,0.84,21,-1
261,7,470.09,158.31,30.12,20.71,0.80,3,-1
261,5,424.70,319.94,63.63,49.03,0.88,6,-1
261,8,385.63,296.22,45.11,47.20,0.84,15,-1
261,9,235.78,403.59,50.90,62.15,0.84,21,-1
262,7,470.09,156.87,31.58,21.74,0.84,3,-1
262,5,424.69,319.93,63.63,49.05,0.88,6,-1
262,8,385.65,296.21,45.09,47.20,0.84,15,-1
262,9,235.78,403.59,50.91,62.16,0.84,21,-1
263,7,470.89,154.82,33.01,22.86,0.82,3,-1
263,5,424.68,319.93,63.60,49.06,0.88,6,-1
263,8,385.70,296.21,45.18,47.18,0.84,15,-1
263,9,235.77,403.58,50.92,62.17,0.84,21,-1
264,7,471.54,153.48,34.00,23.86,0.82,3,-1
264,5,424.67,319.92,63.61,49.09,0.88,6,-1
264,8,385.69,296.20,45.28,47.19,0.84,15,-1
264,9,235.77,403.58,50.92,62.17,0.84,21,-1
265,7,472.16,152.20,35.39,25.08,0.82,3,-1
265,5,424.70,319.92,63.58,49.09,0.88,6,-1
265,8,385.67,296.21,45.37,47.19,0.84,15,-1
265,9,235.77,403.58,50.91,62.15,0.84,21,-1
266,7,472.83,151.08,36.11,25.81,0.82,3,-1
266,5,424.71,319.91,63.58,49.11,0.88,6,-1
266,8,385.59,296.23,45.33,47.20,0.84,15,-1
266,9,235.76,403.58,50.92,62.16,0.84,21,-1
267,7,473.17,150.11,36.81,26.59,0.84,3,-1
267,5,424.70,319.88,63.60,49.16,0.88,6,-1
267,8,385.63,296.22,45.41,47.19,0.84,15,-1
267,9,235.76,403.58,50.93,62.16,0.84,21,-1
268,7,474.05,148.79,37.40,27.25,0.85,3,-1
268,5,424.66,319.86,63.64,49.21,0.88,6,-1
268,8,385.60,296.19,45.53,47.23,0.84,15,-1
268,9,235.73,403.56,50.96,62.20,0.84,21,-1
269,7,474.52,147.62,38.47,28.34,0.85,3,-1
269,5,424.64,319.85,63.64,49.23,0.88,6,-1
269,8,385.57,296.21,45.59,47.22,0.84,15,-1
269,9,235.74,403.56,50.96,62.19,0.84,21,-1
270,7,474.98,146.76,38.84,28.97,0.85,3,-1
270,5,424.65,319.85,63.63,49.24,0.88,6,-1
270,8,385.54,296.21,45.66,47.22,0.84,15,-1
270,9,235.73,403.55,50.97,62.20,0.84,21,-1
271,7,475.69,145.91,38.99,29.38,0.85,3,-1
271,5,424.67,319.86,63.59,49.22,0.88,6,-1
271,8,385.52,296.24,45.70,47.20,0.84,15,-1
271,9,235.73,403.55,50.98,62.20,0.84,21,-1
272,7,476.84,145.07,38.17,29.02,0.85,3,-1
272,5,424.73,319.89,63.51,49.17,0.88,6,-1
272,8,385.51,296.27,45.74,47.19,0.84,15,-1
272,9,235.73,403.55,50.98,62.20,0.84,21,-1
273,7,479.04,143.08,39.33,30.14,0.84,3,-1
273,5,424.79,319.91,63.40,49.10,0.88,6,-1
273,8,385.52,296.30,45.72,47.13,0.84,15,-1
273,9,235.75,403.61,50.94,62.15,0.84,21,-1
274,7,481.28,142.06,39.05,30.07,0.85,3,-1
274,5,424.82,319.93,63.35,49.07,0.88,6,-1
274,8,385.52,296.33,45.71,47.07,0.84,15,-1
274,9,235.76,403.64,50.92,62.11,0.84,21,-1
275,7,483.23,141.23,39.06,30.28,0.86,3,-1
275,5,424.86,319.95,63.25,49.00,0.88,6,-1
275,8,385.52,296.36,45.71,47.02,0.84,15,-1
275,9,235.76,403.66,50.91,62.09,0.84,21,-1
276,7,483.49,139.10,41.60,32.84,0.85,3,-1
276,5,424.89,319.96,63.22,48.99,0.88,6,-1
276,8,385.50,296.35,45.75,47.03,0.84,15,-1
276,9,235.76,403.66,50.92,62.09,0.84,21,-1
277,7,485.19,137.42,42.46,34.03,0.85,3,-1
277,5,424.94,319.96,63.16,48.94,0.88,6,-1
277,8,385.40,296.39,45.65,47.02,0.84,15,-1
277,9,235.77,403.67,50.92,62.08,0.84,21,-1
278,7,487.27,136.15,42.28,34.45,0.86,3,-1
278,5,424.94,319.96,63.12,48.91,0.88,6,-1
278,8,385.37,296.42,45.60,47.06,0.84,15,-1
278,9,235.78,403.72,50.87,61.99,0.84,21,-1
279,7,488.69,135.35,41.35,34.22,0.86,3,-1
279,5,424.96,319.93,63.14,48.93,0.88,6,-1
279,8,385.39,296.41,45.56,47.09,0.84,15,-1
279,9,235.76,403.72,50.87,61.99,0.84,21,-1
280,7,490.19,134.76,40.80,34.19,0.87,3,-1
280,5,424.98,319.93,63.14,48.94,0.88,6,-1
280,8,385.41,296.40,45.51,47.11,0.84,15,-1
280,9,235.73,403.70,50.91,62.03,0.84,21,-1
281,7,491.74,134.25,40.16,34.09,0.87,3,-1
281,5,424.97,319.94,63.13,48.93,0.88,6,-1
281,8,385.44,296.40,45.45,47.10,0.84,15,-1
281,9,235.71,403.71,50.92,62.02,0.84,21,-1
282,7,492.59,133.52,40.53,34.87,0.86,3,-1
282,5,424.99,319.94,63.09,48.90,0.88,6,-1
282,8,385.48,296.39,45.39,47.09,0.84,15,-1
282,9,235.69,403.68,50.97,62.08,0.84,21,-1
283,7,493.96,133.07,40.28,35.08,0.86,3,-1
283,5,424.99,319.93,63.08,48.90,0.88,6,-1
283,8,385.50,296.38,45.35,47.09,0.84,15,-1
283,9,235.68,403.66,50.99,62.10,0.84,21,-1
284,7,494.97,132.84,39.94,35.14,0.86,3,-1
284,5,424.98,319.92,63.10,48.91,0.88,6,-1
284,8,385.50,296.37,45.34,47.14,0.84,15,-1
284,9,235.67,403.65,51.02,62.13,0.84,21,-1
285,7,495.79,132.86,39.35,34.97,0.84,3,-1
285,5,424.96,319.90,63.14,48.93,0.88,6,-1
285,8,385.55,296.33,45.46,47.17,0.84,15,-1
285,9,235.64,403.64,51.06,62.16,0.84,21,-1
286,7,496.89,132.66,38.91,34.85,0.84,3,-1
286,5,424.97,319.88,63.14,48.93,0.88,6,-1
286,8,385.50,296.31,45.46,47.22,0.84,15,-1
286,9,235.63,403.64,51.08,62.17,0.84,21,-1
287,7,497.70,132.87,38.22,34.44,0.84,3,-1
287,5,424.95,319.87,63.18,48.96,0.88,6,-1
287,8,385.51,296.28,45.45,47.26,0.84,15,-1
287,9,235.62,403.64,51.09,62.17,0.84,21,-1
288,7,499.17,133.77,36.71,33.12,0.82,3,-1
288,5,424.92,319.87,63.22,48.99,0.88,6,-1
288,8,385.53,296.27,45.41,47.26,0.84,15,-1
288,9,235.64,403.64,51.06,62.14,0.84,21,-1
289,7,500.27,133.82,36.23,32.64,0.84,3,-1
289,5,424.92,319.87,63.22,48.99,0.88,6,-1
289,8,385.54,296.24,45.36,47.25,0.84,15,-1
289,9,235.66,403.68,51.01,62.10,0.84,21,-1
290,7,500.85,133.91,36.04,32.51,0.84,3,-1
290,5,424.87,319.86,63.29,49.05,0.88,6,-1
290,8,385.56,296.22,45.29,47.23,0.84,15,-1
290,9,235.69,403.73,50.96,62.05,0.84,21,-1
291,7,501.26,133.23,36.21,32.80,0.84,3,-1
291,5,424.84,319.85,63.30,49.06,0.88,6,-1
291,8,385.58,296.21,45.26,47.24,0.84,15,-1
291,9,235.69,403.76,50.91,62.00,0.84,21,-1
292,7,502.38,132.95,35.09,31.86,0.85,3,-1
292,5,424.89,319.85,63.25,49.03,0.88,6,-1
292,8,385.60,296.21,45.22,47.23,0.84,15,-1
292,9,235.69,403.74,50.91,62.00,0.84,21,-1
293,7,503.37,131.56,35.48,32.59,0.81,3,-1
293,5,424.89,319.84,63.24,49.02,0.88,6,-1
293,8,385.59,296.18,45.20,47.23,0.84,15,-1
293,9,235.70,403.73,50.90,62.00,0.84,21,-1
294,7,504.65,130.08,35.95,33.36,0.82,3,-1
294,5,424.88,319.84,63.23,49.01,0.88,6,-1
294,8,385.57,296.15,45.21,47.26,0.84,15,-1
294,9,235.46,403.12,51.68,63.01,0.84,21,-1
295,7,505.52,129.12,36.02,33.78,0.81,3,-1
295,5,424.89,319.83,63.25,49.03,0.88,6,-1
295,8,385.55,296.14,45.22,47.29,0.84,15,-1
295,9,235.71,403.55,51.13,62.32,0.84,21,-1
296,7,506.35,128.57,35.97,34.08,0.64,3,-1
296,5,424.91,319.83,63.19,48.98,0.88,6,-1
296,8,385.57,296.15,45.20,47.28,0.84,15,-1
296,9,235.83,403.72,50.94,62.06,0.84,21,-1
297,7,506.34,127.77,36.17,34.72,0.14,3,-1
297,5,424.94,319.83,63.14,48.93,0.88,6,-1
297,8,385.57,296.15,45.19,47.29,0.84,15,-1
297,9,235.85,403.78,50.92,62.00,0.84,21,-1
298,7,506.41,124.78,37.65,36.48,0.34,3,-1
298,5,424.85,319.79,63.18,48.96,0.88,6,-1
298,8,385.55,296.13,45.20,47.32,0.84,15,-1
298,9,235.76,403.85,51.36,62.59,0.84,21,-1
299,7,506.86,125.23,34.72,34.28,0.01,3,-1
299,10,503.69,114.96,41.08,42.66,0.05,3,-1
299,5,424.80,319.77,63.17,48.96,0.88,6,-1
299,8,385.51,296.11,45.27,47.41,0.84,15,-1
299,9,235.71,403.87,51.52,62.82,0.84,21,-1
300,7,485.26,73.84,79.95,84.16,0.05,3,-1
300,10,502.37,102.01,45.22,54.92,0.11,3,-1
300,5,425.18,320.17,62.95,48.71,0.87,6,-1
300,8,385.64,296.19,45.16,47.40,0.84,15,-1
300,9,234.83,403.24,51.74,62.93,0.83,21,-1
301,7,491.28,77.12,71.16,78.14,0.01,3,-1
301,10,505.67,104.38,40.61,51.68,0.08,3,-1
301,14,511.17,125.23,29.37,32.40,0.51,3,-1
301,5,425.33,320.34,62.86,48.57,0.87,6,-1
301,8,385.73,296.25,45.04,47.37,0.84,15,-1
301,9,234.48,403.02,51.86,62.94,0.83,21,-1
302,7,497.33,83.70,62.10,70.30,0.11,3,-1
302,10,509.83,110.69,35.26,44.16,0.05,3,-1
302,14,511.97,125.62,28.23,31.11,0.21,3,-1
302,5,425.34,320.39,62.93,48.57,0.87,6,-1
302,8,385.78,296.27,44.95,47.37,0.84,15,-1
302,9,234.33,402.95,51.96,62.92,0.83,21,-1
303,14,512.37,125.81,27.67,30.49,0.21,3,-1
303,5,425.34,320.40,62.99,48.56,0.87,6,-1
303,8,385.82,296.27,44.88,47.38,0.84,15,-1
303,9,234.27,402.92,52.07,62.93,0.83,21,-1
304,7,515.28,119.91,29.94,33.90,0.73,3,-1
304,5,425.30,320.39,63.09,48.58,0.87,6,-1
304,8,385.86,296.26,44.82,47.39,0.84,15,-1
304,9,234.30,402.91,52.15,62.90,0.83,21,-1
305,7,507.14,81.30,59.30,69.88,0.01,3,-1
305,10,512.67,95.81,42.54,55.68,0.08,3,-1
305,14,518.04,123.48,26.72,29.48,0.36,3,-1
305,5,425.25,320.37,63.25,48.67,0.87,6,-1
305,8,385.88,296.24,44.77,47.40,0.84,15,-1
305,9,234.30,403.09,52.10,62.72,0.83,21,-1
306,10,517.37,112.88,30.52,38.97,0.38,3,-1
306,14,519.38,122.79,26.64,29.39,0.36,3,-1
306,5,425.20,320.37,63.34,48.70,0.87,6,-1
306,8,385.90,296.23,44.73,47.42,0.84,15,-1
306,9,234.23,403.09,52.21,62.75,0.83,21,-1
307,7,517.64,112.17,31.88,38.11,0.12,3,-1
307,5,425.16,320.35,63.41,48.71,0.87,6,-1
307,8,385.91,296.21,44.70,47.45,0.84,15,-1
307,9,234.18,403.06,52.33,62.80,0.83,21,-1
308,7,517.07,108.91,32.98,40.18,0.02,3,-1
308,14,519.60,119.91,27.18,30.19,0.16,3,-1
308,5,425.09,320.33,63.52,48.76,0.87,6,-1
308,8,385.92,296.20,44.68,47.48,0.84,15,-1
308,9,234.20,403.11,52.34,62.72,0.83,21,-1
309,14,520.50,118.94,27.31,30.34,0.16,3,-1
309,5,425.04,320.30,63.60,48.79,0.87,6,-1
309,8,385.93,296.21,44.62,47.46,0.84,15,-1
309,9,234.18,403.09,52.44,62.77,0.83,21,-1
310,14,519.63,110.20,33.37,37.67,0.14,3,-1
310,7,517.32,98.46,38.42,48.13,0.02,3,-1
310,5,425.00,320.29,63.70,48.84,0.87,6,-1
310,8,385.95,296.20,44.58,47.45,0.84,15,-1
310,9,234.18,403.10,52.50,62.77,0.83,21,-1
311,7,521.27,108.80,30.38,37.85,0.29,3,-1
311,5,424.99,320.29,63.72,48.83,0.87,6,-1
311,8,385.98,296.21,44.53,47.44,0.84,15,-1
311,9,234.16,403.13,52.52,62.73,0.83,21,-1
312,7,518.76,100.26,35.96,45.39,0.08,3,-1
312,5,424.97,320.29,63.76,48.84,0.87,6,-1
312,8,385.99,296.20,44.50,47.44,0.84,15,-1
312,9,234.15,403.19,52.51,62.66,0.83,21,-1
313,7,521.99,107.90,30.10,37.85,0.56,3,-1
313,5,424.92,320.28,63.85,48.88,0.87,6,-1
313,8,385.99,296.20,44.49,47.46,0.84,15,-1
313,9,234.13,403.26,52.50,62.59,0.83,21,-1
314,7,522.01,107.78,30.47,38.40,0.75,3,-1
314,5,424.87,320.29,63.91,48.91,0.87,6,-1
314,8,386.02,296.21,44.46,47.45,0.84,15,-1
314,9,234.12,403.28,52.51,62.55,0.83,21,-1
315,7,521.76,103.69,33.27,42.11,0.72,3,-1
315,5,424.87,320.31,63.91,48.90,0.87,6,-1
315,8,386.07,296.21,44.44,47.45,0.84,15,-1
315,9,234.13,403.35,52.49,62.49,0.83,21,-1
316,7,521.25,101.15,35.16,44.65,0.81,3,-1
316,5,424.85,320.31,63.95,48.91,0.87,6,-1
316,8,386.09,296.21,44.43,47.45,0.84,15,-1
316,9,234.10,403.35,52.54,62.49,0.83,21,-1
317,7,521.00,99.36,36.80,46.88,0.81,3,-1
317,5,424.81,320.30,64.02,48.96,0.87,6,-1
317,8,386.09,296.19,44.43,47.47,0.84,15,-1
317,9,234.09,403.37,52.57,62.49,0.83,21,-1
318,7,520.78,97.24,38.56,49.53,0.83,3,-1
318,5,424.80,320.30,64.06,48.97,0.87,6,-1
318,8,386.10,296.20,44.41,47.46,0.84,15,-1
318,9,234.08,403.48,52.53,62.40,0.83,21,-1
319,7,520.00,95.87,39.74,51.58,0.82,3,-1
319,5,424.80,320.31,64.05,48.96,0.87,6,-1
319,8,386.11,296.21,44.39,47.46,0.84,15,-1
319,9,234.10,403.55,52.53,62.37,0.83,21,-1
320,7,519.73,95.42,40.63,53.19,0.81,3,-1
320,5,424.73,320.29,64.19,49.06,0.87,6,-1
320,8,386.10,296.19,44.41,47.49,0.84,15,-1
320,9,234.09,403.52,52.60,62.42,0.83,21,-1
321,7,519.82,98.82,39.15,51.45,0.84,3,-1
321,5,424.71,320.28,64.24,49.10,0.87,6,-1
321,8,386.09,296.19,44.40,47.49,0.84,15,-1
321,9,234.11,403.46,52.65,62.48,0.83,21,-1
322,7,519.96,101.30,37.82,49.85,0.83,3,-1
322,5,424.69,320.28,64.24,49.10,0.87,6,-1
322,8,386.08,296.18,44.42,47.52,0.84,15,-1
322,9,234.13,403.46,52.65,62.46,0.83,21,-1
323,7,518.29,101.76,37.65,49.65,0.84,3,-1
323,5,424.66,320.26,64.28,49.13,0.87,6,-1
323,8,386.08,296.16,44.43,47.53,0.84,15,-1
323,9,234.19,403.45,52.62,62.41,0.83,21,-1
324,7,516.85,101.49,38.38,50.58,0.85,3,-1
324,5,424.73,320.38,63.80,48.71,0.87,6,-1
324,8,386.08,296.17,44.41,47.52,0.84,15,-1
324,9,234.19,403.45,52.64,62.42,0.83,21,-1
325,7,515.40,101.51,38.93,51.37,0.84,3,-1
325,5,424.71,320.32,64.06,48.91,0.87,6,-1
325,8,386.09,296.17,44.39,47.50,0.84,15,-1
325,9,234.17,403.39,52.72,62.50,0.83,21,-1
326,7,513.76,101.45,39.53,52.26,0.83,3,-1
326,5,424.69,320.29,64.18,49.01,0.87,6,-1
326,8,386.09,296.16,44.41,47.52,0.84,15,-1
326,9,234.14,403.26,52.84,62.66,0.83,21,-1
327,7,512.10,100.60,40.69,53.98,0.85,3,-1
327,5,424.79,320.41,63.63,48.54,0.87,6,-1
327,8,386.09,296.16,44.40,47.51,0.84,15,-1
327,9,234.13,403.22,52.88,62.70,0.83,21,-1
328,7,509.89,98.79,43.14,57.63,0.87,3,-1
328,5,424.82,320.47,63.43,48.34,0.87,6,-1
328,8,386.09,296.17,44.40,47.51,0.84,15,-1
328,9,234.09,403.12,52.97,62.83,0.83,21,-1
329,7,508.89,99.00,43.28,57.99,0.87,3,-1
329,5,424.70,320.36,63.95,48.75,0.87,6,-1
329,8,386.08,296.16,44.43,47.54,0.84,15,-1
329,9,234.04,403.05,53.03,62.91,0.83,21,-1
330,7,507.73,99.62,43.05,57.76,0.86,3,-1
330,5,424.69,320.34,64.04,48.82,0.87,6,-1
330,8,386.08,296.18,44.41,47.52,0.84,15,-1
330,9,233.98,402.98,53.08,62.99,0.83,21,-1
331,7,507.21,100.54,42.56,57.10,0.85,3,-1
331,5,424.72,320.34,64.01,48.79,0.87,6,-1
331,8,386.12,296.20,44.35,47.46,0.84,15,-1
331,9,234.03,402.98,53.00,62.93,0.83,21,-1
332,7,506.66,100.91,42.36,56.74,0.86,3,-1
332,5,424.72,320.34,64.00,48.78,0.87,6,-1
332,8,386.15,296.21,44.31,47.42,0.84,15,-1
332,9,234.05,403.03,52.90,62.86,0.83,21,-1
333,7,505.34,100.18,43.61,58.68,0.85,3,-1
333,5,424.75,320.36,63.90,48.70,0.87,6,-1
333,8,386.26,296.21,44.32,47.34,0.84,15,-1
333,9,234.14,403.07,52.77,62.75,0.83,21,-1
334,7,504.64,100.38,43.97,59.44,0.86,3,-1
334,5,424.78,320.37,63.81,48.63,0.87,6,-1
334,8,386.28,296.21,44.37,47.31,0.84,15,-1
334,9,234.14,403.07,52.71,62.73,0.83,21,-1
335,7,504.44,101.51,43.56,59.03,0.85,3,-1
335,5,424.78,320.36,63.81,48.63,0.87,6,-1
335,8,386.27,296.20,44.42,47.30,0.84,15,-1
335,9,234.20,403.15,52.61,62.64,0.83,21,-1
336,7,503.98,101.14,44.06,59.94,0.86,3,-1
336,5,424.82,320.38,63.75,48.58,0.87,6,-1
336,8,386.18,296.22,44.44,47.34,0.84,15,-1
336,9,234.19,403.17,52.60,62.65,0.83,21,-1
337,7,503.90,101.12,43.90,59.83,0.85,3,-1
337,5,424.86,320.40,63.69,48.53,0.87,6,-1
337,8,386.15,296.23,44.42,47.34,0.84,15,-1
337,9,234.29,403.02,52.60,62.69,0.84,21,-1
338,7,504.27,100.61,44.39,60.53,0.85,3,-1
338,5,424.88,320.40,63.64,48.48,0.87,6,-1
338,8,386.23,296.20,44.44,47.30,0.84,15,-1
338,9,234.29,402.91,52.67,62.81,0.84,21,-1
339,7,504.87,101.23,43.88,59.83,0.85,3,-1
339,5,424.91,320.40,63.56,48.42,0.87,6,-1
339,8,386.27,296.20,44.42,47.21,0.84,15,-1
339,9,234.34,402.95,52.57,62.72,0.84,21,-1
340,7,505.47,102.22,42.94,58.49,0.84,3,-1
340,5,424.91,320.40,63.56,48.42,0.87,6,-1
340,8,386.27,296.20,44.48,47.21,0.84,15,-1
340,9,234.37,402.84,52.59,62.78,0.84,21,-1
341,7,505.82,102.18,42.35,57.56,0.84,3,-1
341,5,424.91,320.40,63.57,48.42,0.87,6,-1
341,8,386.26,296.19,44.53,47.22,0.84,15,-1
341,9,234.46,402.86,52.48,62.69,0.84,21,-1
342,7,506.71,102.87,40.70,55.01,0.85,3,-1
342,5,424.89,320.39,63.61,48.45,0.87,6,-1
342,8,386.22,296.17,44.60,47.24,0.84,15,-1
342,9,234.43,402.76,52.55,62.80,0.84,21,-1
343,7,508.10,100.73,41.38,56.01,0.85,3,-1
343,5,424.88,320.37,63.71,48.52,0.87,6,-1
343,8,386.10,296.19,44.67,47.36,0.84,15,-1
343,9,234.31,402.68,52.63,62.90,0.84,21,-1
344,7,510.27,100.64,40.59,55.00,0.85,3,-1
344,5,424.90,320.36,63.76,48.57,0.87,6,-1
344,8,386.05,296.17,44.69,47.42,0.84,15,-1
344,9,234.20,402.64,52.73,62.99,0.84,21,-1
345,7,512.36,99.77,40.19,54.56,0.85,3,-1
345,5,424.89,320.37,63.84,48.64,0.87,6,-1
345,8,386.05,296.19,44.65,47.42,0.84,15,-1
345,9,233.93,402.79,52.81,63.00,0.84,21,-1
346,7,514.21,98.80,40.03,54.28,0.85,3,-1
346,5,424.91,320.38,63.83,48.64,0.87,6,-1
346,8,386.05,296.22,44.61,47.42,0.84,15,-1
346,9,233.89,402.86,52.80,62.90,0.84,21,-1
347,7,515.83,97.64,39.69,53.67,0.85,3,-1
347,5,425.01,320.51,63.34,48.24,0.87,6,-1
347,8,386.06,296.24,44.57,47.41,0.84,15,-1
347,9,233.84,402.90,52.76,62.75,0.84,21,-1
348,7,518.48,96.49,39.04,52.86,0.85,3,-1
348,5,425.04,320.57,63.14,48.06,0.87,6,-1
348,8,386.05,296.27,44.50,47.37,0.84,15,-1
348,9,233.84,402.93,52.83,62.73,0.84,21,-1
349,7,520.59,95.92,38.00,51.36,0.85,3,-1
349,5,425.02,320.60,63.11,48.02,0.87,6,-1
349,8,386.05,296.29,44.47,47.36,0.84,15,-1
349,9,233.81,402.63,53.04,62.91,0.84,21,-1
350,7,522.23,95.28,37.59,50.61,0.85,3,-1
350,5,425.78,320.39,63.06,48.03,0.88,6,-1
350,8,386.53,296.05,44.68,47.60,0.86,15,-1
350,9,235.37,401.56,52.99,62.65,0.84,21,-1
351,7,522.66,93.54,38.65,51.97,0.84,3,-1
351,5,426.08,320.31,63.04,48.06,0.88,6,-1
351,8,386.72,295.95,44.76,47.69,0.86,15,-1
351,9,235.83,401.19,53.15,62.67,0.84,21,-1
352,7,523.93,92.38,38.59,51.76,0.85,3,-1
352,5,426.20,320.28,63.02,48.08,0.88,6,-1
352,8,386.79,295.92,44.79,47.73,0.86,15,-1
352,9,236.22,401.25,53.00,62.32,0.84,21,-1
353,7,525.96,90.84,38.67,51.71,0.85,3,-1
353,5,426.24,320.26,63.02,48.13,0.88,6,-1
353,8,386.81,295.92,44.79,47.73,0.86,15,-1
353,9,236.18,401.15,53.16,62.32,0.84,21,-1
354,7,527.33,89.78,38.71,51.64,0.85,3,-1
354,5,426.27,320.27,62.97,48.13,0.88,6,-1
354,8,386.83,295.93,44.76,47.70,0.86,15,-1
354,9,236.13,401.00,53.33,62.36,0.84,21,-1
355,7,528.62,89.19,38.91,51.85,0.84,3,-1
355,5,426.28,320.27,62.93,48.14,0.88,6,-1
355,8,386.84,295.93,44.74,47.69,0.86,15,-1
355,9,236.16,400.94,53.33,62.21,0.84,21,-1
356,7,529.30,88.76,39.02,52.01,0.85,3,-1
356,5,426.28,320.27,62.87,48.12,0.88,6,-1
356,8,386.83,295.93,44.75,47.70,0.86,15,-1
356,9,236.11,400.95,53.40,62.14,0.84,21,-1
357,7,529.83,88.68,38.50,51.32,0.85,3,-1
357,5,426.27,320.27,62.85,48.13,0.88,6,-1
357,8,386.82,295.93,44.77,47.73,0.86,15,-1
357,9,236.04,400.91,53.45,62.09,0.85,21,-1
358,7,531.01,88.57,38.46,51.19,0.85,3,-1
358,5,426.25,320.28,62.81,48.12,0.88,6,-1
358,8,386.78,295.92,44.79,47.76,0.86,15,-1
358,9,236.15,401.13,53.19,61.73,0.84,21,-1
359,7,531.99,88.49,38.57,51.28,0.84,3,-1
359,5,426.25,320.27,62.78,48.13,0.88,6,-1
359,8,386.76,295.89,44.80,47.79,0.86,15,-1
359,9,236.77,401.41,52.65,61.07,0.84,21,-1
360,7,532.65,88.09,38.90,51.59,0.85,3,-1
360,5,426.23,320.27,62.76,48.14,0.88,6,-1
360,8,386.76,295.88,44.80,47.80,0.86,15,-1
360,9,236.39,401.61,52.77,61.14,0.84,21,-1
361,7,533.26,87.71,39.10,51.57,0.85,3,-1
361,5,426.25,320.28,62.67,48.09,0.88,6,-1
361,8,386.74,295.90,44.79,47.79,0.86,15,-1
361,9,236.15,401.67,52.84,61.16,0.84,21,-1
362,7,533.44,87.41,39.46,51.87,0.84,3,-1
362,5,426.34,320.30,62.43,47.93,0.88,6,-1
362,8,386.78,295.93,44.72,47.73,0.86,15,-1
362,9,235.78,401.60,53.09,61.39,0.84,21,-1
363,7,534.18,88.07,39.12,51.18,0.86,3,-1
363,5,426.38,320.32,62.30,47.84,0.88,6,-1
363,8,386.79,295.93,44.68,47.69,0.86,15,-1
363,9,236.09,401.84,52.88,61.14,0.85,21,-1
364,7,534.42,88.20,39.33,51.35,0.85,3,-1
364,5,425.98,320.16,62.83,48.32,0.88,6,-1
364,8,386.75,295.93,44.67,47.68,0.86,15,-1
364,9,236.30,402.00,52.64,60.84,0.84,21,-1
365,7,534.43,88.18,39.83,51.96,0.85,3,-1
365,5,425.83,320.09,63.01,48.53,0.88,6,-1
365,8,386.73,295.92,44.69,47.70,0.86,15,-1
365,9,236.42,402.18,52.50,60.66,0.84,21,-1
366,7,533.98,88.38,40.36,52.61,0.85,3,-1
366,5,425.81,320.07,63.02,48.60,0.88,6,-1
366,8,386.73,295.93,44.66,47.66,0.86,15,-1
366,9,236.33,402.17,52.54,60.68,0.84,21,-1
367,7,533.92,88.82,40.38,52.58,0.85,3,-1
367,5,425.86,320.07,62.93,48.58,0.88,6,-1
367,8,386.74,295.94,44.65,47.63,0.86,15,-1
367,15,160.52,356.20,99.48,56.08,0.79,17,-1
367,9,236.05,402.03,52.72,60.82,0.84,21,-1
368,7,534.32,88.88,40.07,52.09,0.85,3,-1
368,5,425.88,320.08,62.87,48.58,0.88,6,-1
368,8,386.73,295.95,44.64,47.62,0.86,15,-1
368,15,155.77,345.00,101.44,57.02,0.82,17,-1
368,9,235.97,401.78,52.87,60.94,0.84,21,-1
369,7,534.08,88.73,40.41,52.58,0.85,3,-1
369,5,425.95,320.09,62.85,48.59,0.88,6,-1
369,8,386.68,295.95,44.69,47.66,0.86,15,-1
369,15,154.97,337.92,105.40,59.09,0.84,17,-1
369,9,236.13,401.74,52.89,60.92,0.84,21,-1
370,7,534.05,88.46,40.60,52.79,0.85,3,-1
370,5,425.98,320.09,62.80,48.56,0.88,6,-1
370,8,386.69,295.95,44.66,47.62,0.86,15,-1
370,15,154.02,331.00,103.72,57.89,0.80,17,-1
370,9,236.29,401.93,52.76,60.75,0.84,21,-1
371,7,534.39,88.29,40.56,52.66,0.85,3,-1
371,5,425.98,320.09,62.83,48.60,0.88,6,-1
371,8,386.73,295.91,44.67,47.64,0.86,15,-1
371,15,157.31,325.46,104.24,58.02,0.83,17,-1
371,9,236.46,401.98,52.69,60.66,0.85,21,-1
372,7,535.68,88.61,39.73,51.47,0.85,3,-1
372,5,425.98,320.09,62.82,48.61,0.88,6,-1
372,8,386.76,295.89,44.67,47.65,0.86,15,-1
372,15,160.29,316.94,113.66,63.29,0.87,17,-1
372,9,236.56,402.06,52.67,60.67,0.84,21,-1
373,7,536.93,89.12,39.05,50.49,0.85,3,-1
373,5,426.07,320.11,62.66,48.49,0.88,6,-1
373,8,386.79,295.89,44.61,47.59,0.86,15,-1
373,15,170.74,302.62,116.77,65.65,0.78,17,-1
373,9,236.68,402.18,52.53,60.56,0.84,21,-1
374,7,538.78,89.46,38.17,49.25,0.85,3,-1
374,5,426.06,320.09,62.66,48.51,0.88,6,-1
374,8,386.82,295.87,44.62,47.59,0.86,15,-1
374,15,178.96,289.09,111.49,62.37,0.82,17,-1
374,9,236.80,402.21,52.53,60.66,0.84,21,-1
375,7,541.07,89.46,37.52,48.10,0.85,3,-1
375,5,426.06,320.06,62.60,48.48,0.88,6,-1
375,8,386.84,295.85,44.60,47.56,0.86,15,-1
375,15,180.71,273.83,116.13,64.96,0.88,17,-1
375,9,236.88,402.22,52.55,60.78,0.83,21,-1
376,7,543.65,88.89,37.51,47.77,0.85,3,-1
376,5,426.13,320.03,62.60,48.50,0.88,6,-1
376,8,386.84,295.86,44.57,47.53,0.86,15,-1
376,15,183.97,258.38,123.04,69.05,0.88,17,-1
376,9,236.67,402.18,52.83,61.19,0.83,21,-1
377,7,546.34,88.91,37.18,47.07,0.87,3,-1
377,5,426.15,320.04,62.63,48.51,0.88,6,-1
377,8,386.83,295.85,44.58,47.52,0.86,15,-1
377,15,194.58,239.47,124.54,70.33,0.90,17,-1
377,9,236.67,402.18,52.89,61.35,0.83,21,-1
378,7,551.10,89.69,37.18,46.79,0.86,3,-1
378,5,426.10,319.96,62.72,48.56,0.88,6,-1
378,8,386.81,295.86,44.52,47.46,0.86,15,-1
378,15,213.40,205.06,126.71,71.52,0.90,17,-1
378,9,236.54,402.20,52.98,61.47,0.83,21,-1
379,7,555.25,90.60,36.51,45.54,0.86,3,-1
379,5,426.04,319.86,62.88,48.69,0.88,6,-1
379,8,386.75,295.82,44.55,47.47,0.85,15,-1
379,15,234.63,177.71,125.16,70.49,0.90,17,-1
379,9,236.54,402.70,52.23,60.60,0.83,21,-1
380,7,560.59,92.09,35.44,43.86,0.84,3,-1
380,5,426.04,319.77,62.98,48.82,0.88,6,-1
380,8,386.65,295.87,44.70,47.63,0.85,15,-1
380,15,257.43,155.58,121.05,67.68,0.90,17,-1
380,9,236.61,402.91,51.87,60.17,0.83,21,-1
381,7,565.65,92.67,35.48,43.65,0.83,3,-1
381,5,426.01,319.69,63.07,48.95,0.88,6,-1
381,8,386.57,295.96,44.72,47.64,0.85,15,-1
381,15,282.79,136.23,120.51,66.87,0.90,17,-1
381,9,236.68,403.08,51.64,59.90,0.83,21,-1
382,7,570.39,91.97,34.91,42.66,0.84,3,-1
382,5,426.04,319.67,63.05,48.99,0.88,6,-1
382,8,386.44,295.92,45.08,48.04,0.85,15,-1
382,15,307.23,119.04,118.03,65.12,0.91,17,-1
382,9,236.66,403.17,51.65,59.89,0.83,21,-1
383,7,577.45,89.11,34.03,41.08,0.85,3,-1
383,5,426.15,319.65,62.85,48.89,0.88,6,-1
383,8,386.45,295.89,45.01,47.96,0.85,15,-1
383,15,347.34,98.10,115.92,63.98,0.91,17,-1
383,9,236.69,403.21,51.63,59.88,0.82,21,-1
384,7,581.87,86.77,34.08,40.68,0.84,3,-1
384,5,426.22,319.62,62.72,48.83,0.88,6,-1
384,8,386.51,295.82,45.09,48.06,0.85,15,-1
384,15,375.41,85.27,112.10,62.43,0.90,17,-1
384,9,236.88,403.37,51.37,59.57,0.82,21,-1
385,7,585.26,84.83,33.97,40.12,0.85,3,-1
385,5,426.26,319.65,62.65,48.82,0.88,6,-1
385,8,386.61,295.80,45.11,48.09,0.85,15,-1
385,15,400.34,78.56,104.64,58.90,0.90,17,-1
385,9,237.01,403.41,51.28,59.47,0.82,21,-1
386,7,587.58,82.92,33.67,39.31,0.84,3,-1
386,5,426.29,319.70,62.58,48.81,0.88,6,-1
386,8,386.63,295.79,45.17,48.18,0.85,15,-1
386,15,420.88,74.37,100.14,57.57,0.89,17,-1
386,9,237.03,403.46,51.29,59.46,0.82,21,-1
387,7,589.22,81.01,34.31,39.73,0.85,3,-1
387,5,426.85,319.87,61.90,48.26,0.88,6,-1
387,8,386.63,295.78,45.16,48.18,0.85,15,-1
387,15,438.98,69.49,93.91,55.92,0.89,17,-1
387,9,235.84,403.67,52.17,60.46,0.82,21,-1
388,7,518.24,68.55,42.58,49.68,0.69,3,-1
388,5,426.96,319.93,61.90,48.25,0.88,6,-1
388,8,386.63,295.80,45.12,48.16,0.85,15,-1
388,15,459.35,60.67,89.58,56.12,0.39,17,-1
388,9,235.36,403.58,52.28,60.52,0.82,21,-1
389,7,499.42,62.78,43.89,51.46,0.58,3,-1
389,16,592.44,75.45,38.03,40.53,0.83,3,-1
389,5,426.43,319.82,62.37,48.68,0.88,6,-1
389,8,386.67,295.80,45.07,48.10,0.85,15,-1
389,9,235.36,403.78,52.02,60.18,0.82,21,-1
390,7,488.45,59.07,50.62,60.03,0.01,3,-1
390,16,593.54,74.48,36.98,39.40,0.84,3,-1
390,5,426.26,319.78,62.57,48.84,0.88,6,-1
390,8,386.68,295.83,45.04,48.10,0.86,15,-1
390,9,235.46,403.92,52.23,60.46,0.82,21,-1
391,7,494.06,58.11,46.32,55.02,0.48,3,-1
391,16,594.87,73.34,37.21,39.64,0.85,3,-1
391,5,426.14,319.69,62.73,49.00,0.88,6,-1
391,8,386.73,295.83,44.99,48.05,0.85,15,-1
391,9,235.51,403.80,52.15,60.36,0.82,21,-1
392,7,498.90,57.60,47.81,57.51,0.15,3,-1
392,16,595.55,72.18,37.75,40.17,0.83,3,-1
392,5,426.09,319.66,62.84,49.11,0.88,6,-1
392,8,386.74,295.83,44.99,48.06,0.86,15,-1
392,9,235.46,403.72,52.24,60.49,0.83,21,-1
393,7,498.45,59.82,60.50,75.86,0.04,3,-1
393,16,596.77,70.96,36.48,38.80,0.85,3,-1
393,5,426.14,319.71,62.77,49.07,0.88,6,-1
393,8,386.77,295.85,44.96,48.03,0.86,15,-1
393,9,235.40,403.58,52.48,60.78,0.83,21,-1
394,16,597.67,70.01,36.17,38.47,0.85,3,-1
394,5,426.14,319.76,62.71,49.03,0.88,6,-1
394,8,386.75,295.88,44.91,47.99,0.86,15,-1
394,9,235.40,403.56,52.52,60.84,0.83,21,-1
395,7,585.75,67.37,35.80,43.38,0.85,3,-1
395,5,426.17,319.78,62.57,48.92,0.88,6,-1
395,8,386.75,295.92,44.90,47.99,0.86,15,-1
395,9,235.41,403.52,52.57,60.91,0.83,21,-1
396,7,595.79,67.53,33.30,39.93,0.82,3,-1
396,5,426.26,319.81,62.52,48.88,0.88,6,-1
396,8,386.76,295.97,44.89,47.98,0.86,15,-1
396,9,235.47,403.46,52.63,61.00,0.82,21,-1
397,7,602.39,64.76,33.44,40.20,0.32,3,-1
397,16,590.53,38.05,60.34,66.68,0.13,3,-1
397,5,426.37,319.84,62.58,48.93,0.88,6,-1
397,8,386.72,295.97,44.94,48.02,0.86,15,-1
397,9,235.49,403.36,52.73,61.16,0.83,21,-1
398,5,426.51,319.81,62.76,49.12,0.88,6,-1
398,8,386.74,296.03,44.98,48.06,0.86,15,-1
398,9,235.32,403.26,53.11,61.67,0.82,21,-1
399,5,426.61,319.67,63.00,49.37,0.88,6,-1
399,8,386.61,295.97,45.33,48.43,0.85,15,-1
399,9,235.15,403.27,53.01,61.54,0.83,21,-1
400,5,426.41,319.71,62.67,49.32,0.87,6,-1
400,8,389.08,302.12,41.27,43.25,0.82,15,-1
400,9,235.48,403.46,52.43,60.98,0.83,21,-1
