28,18,161.02,367.08,61.29,55.70,0.35,12,-1
29,19,159.16,362.80,64.58,56.00,0.75,6,-1
29,18,329.63,346.33,67.99,62.02,0.68,12,-1
30,20,386.55,398.96,52.40,58.42,0.45,0,-1
30,19,158.16,358.55,68.99,60.09,0.82,6,-1
30,21,125.70,347.91,46.33,50.64,0.72,6,-1
30,18,386.78,339.29,70.03,64.25,0.70,12,-1
31,20,386.58,398.94,51.65,57.53,0.01,0,-1
31,19,281.03,367.05,77.04,67.64,0.02,6,-1
31,21,122.85,343.20,53.08,58.09,0.79,6,-1
31,22,324.71,353.41,65.02,74.82,0.10,6,-1
31,18,439.28,351.97,69.11,63.90,0.18,12,-1
32,20,386.83,399.35,50.86,56.57,0.02,0,-1
32,19,324.14,370.15,80.32,71.25,0.02,6,-1
32,21,121.97,340.72,55.48,60.84,0.82,6,-1
32,22,321.52,351.34,68.22,78.52,0.15,6,-1
32,23,166.91,351.56,56.34,66.27,0.81,6,-1
32,18,453.10,357.35,69.21,64.63,0.20,12,-1
32,24,384.20,340.88,56.05,64.67,0.75,12,-1
33,20,471.52,367.40,52.13,57.56,0.05,0,-1
33,25,437.80,363.63,54.87,65.36,0.03,1,-1
33,19,374.29,346.92,78.97,70.82,0.23,6,-1
33,21,118.48,338.12,59.01,64.80,0.37,6,-1
33,22,314.62,342.48,72.49,83.40,0.06,6,-1
33,23,166.91,348.94,57.06,67.17,0.60,6,-1
33,24,384.31,336.29,59.08,68.23,0.30,12,-1
34,20,494.56,353.88,54.89,60.39,0.09,0,-1
34,25,437.76,364.50,55.62,66.24,0.17,1,-1
34,26,362.17,99.88,69.62,40.00,0.01,2,-1
34,19,391.53,339.31,75.24,68.26,0.36,6,-1
34,21,118.04,337.18,59.35,65.27,0.66,6,-1
34,22,310.64,335.95,77.41,89.17,0.09,6,-1
34,23,167.07,348.74,57.44,67.72,0.77,6,-1
34,24,386.05,336.72,57.46,66.37,0.37,12,-1
34,18,454.89,360.97,68.48,64.87,0.18,12,-1
35,25,479.43,350.80,57.25,68.11,0.02,1,-1
35,19,396.20,337.90,71.82,65.96,0.04,6,-1
35,21,117.65,334.52,61.32,67.28,0.62,6,-1
35,22,250.01,328.87,72.54,84.05,0.03,6,-1
35,23,167.69,349.18,58.04,68.48,0.73,6,-1
36,25,491.75,346.48,57.43,68.32,0.02,1,-1
36,19,395.84,337.32,70.02,65.16,0.04,6,-1
36,21,117.66,333.33,62.49,68.45,0.59,6,-1
36,22,226.12,326.38,68.73,80.07,0.03,6,-1
36,23,167.75,348.96,58.25,68.77,0.69,6,-1
37,22,209.90,322.00,69.36,80.80,0.03,6,-1
37,23,167.91,348.57,58.66,69.26,0.69,6,-1
38,25,183.07,357.85,44.24,50.82,0.01,1,-1
38,26,359.00,98.39,69.52,40.08,0.02,2,-1
38,22,217.75,325.08,68.29,80.27,0.03,6,-1
38,23,167.18,348.41,59.00,69.82,0.54,6,-1
38,21,118.11,333.83,61.70,67.54,0.40,6,-1
39,21,116.48,334.25,60.13,65.87,0.09,6,-1
39,19,178.89,346.51,73.88,70.96,0.04,6,-1
40,21,116.80,337.42,56.16,60.87,0.10,6,-1
40,19,163.93,347.29,73.63,71.79,0.05,6,-1
41,21,115.65,335.33,58.83,63.83,0.10,6,-1
41,19,160.34,346.15,71.97,71.29,0.04,6,-1
42,21,114.38,336.08,58.60,63.18,0.02,6,-1
42,19,158.64,348.05,70.24,70.57,0.02,6,-1
43,21,113.40,336.62,58.22,62.30,0.03,6,-1
43,19,159.13,348.78,68.64,69.81,0.02,6,-1
44,21,114.79,340.85,54.29,57.45,0.02,6,-1
44,19,159.13,349.14,67.68,69.61,0.02,6,-1
45,21,115.15,341.93,53.46,55.94,0.02,6,-1
45,19,159.70,348.98,67.09,69.76,0.04,6,-1
47,19,130.26,345.35,57.62,59.45,0.01,6,-1
88,27,350.31,298.14,49.45,40.67,0.44,10,-1
89,27,350.97,297.30,50.52,41.63,0.43,10,-1
90,27,352.36,296.83,50.23,41.48,0.41,10,-1
91,27,352.57,296.48,50.33,41.69,0.39,10,-1
92,27,351.38,296.29,51.36,42.85,0.25,10,-1
93,27,350.41,296.28,51.86,43.64,0.24,10,-1
94,27,349.21,295.83,54.51,46.47,0.21,10,-1
95,27,340.50,297.04,94.38,82.08,0.02,10,-1
95,28,354.17,295.92,43.86,47.10,0.41,18,-1
96,28,354.05,295.71,44.75,48.07,0.34,18,-1
97,28,353.06,293.82,47.03,50.63,0.32,18,-1
98,26,316.30,247.73,155.53,91.12,0.02,2,-1
98,28,354.88,292.51,44.60,48.02,0.12,18,-1
99,26,302.71,298.01,181.45,108.55,0.05,2,-1
99,28,354.92,291.28,44.45,47.84,0.16,18,-1
100,28,355.10,291.08,44.51,47.91,0.40,18,-1
101,28,354.80,291.16,44.50,47.94,0.48,18,-1
102,27,344.81,294.18,74.94,66.28,0.02,10,-1
102,28,353.95,291.91,45.58,49.34,0.25,18,-1
103,27,348.45,292.77,60.59,54.41,0.02,10,-1
103,28,354.42,292.52,44.83,48.65,0.12,18,-1
104,27,350.16,292.93,54.71,49.87,0.03,10,-1
104,28,354.94,293.29,43.52,47.30,0.08,18,-1
105,28,355.84,293.66,45.61,49.55,0.03,18,-1
107,27,352.20,294.38,70.46,64.62,0.02,10,-1
108,27,354.35,294.91,72.09,66.10,0.01,10,-1
109,27,355.65,295.01,71.72,65.68,0.02,10,-1
110,27,355.51,295.25,72.23,66.27,0.02,10,-1
111,27,356.68,295.33,71.27,65.18,0.02,10,-1
112,26,311.50,321.91,163.88,99.75,0.05,2,-1
113,26,320.93,326.48,146.70,90.85,0.03,2,-1
114,26,323.22,325.12,143.81,91.02,0.07,2,-1
115,26,325.38,323.58,140.43,90.91,0.05,2,-1
116,26,326.55,320.58,138.29,91.76,0.06,2,-1
117,26,328.67,317.62,133.96,91.10,0.06,2,-1
117,27,350.53,293.19,61.07,57.68,0.02,10,-1
118,26,325.81,314.29,138.42,97.16,0.04,2,-1
118,27,348.59,292.31,55.98,54.44,0.02,10,-1
118,28,354.10,294.08,45.15,49.58,0.02,18,-1
119,26,330.01,312.81,129.60,93.24,0.01,2,-1
119,28,353.78,294.93,44.69,49.51,0.02,18,-1
120,26,332.65,309.87,124.77,91.97,0.01,2,-1
120,28,353.47,295.07,44.78,50.10,0.02,18,-1
121,26,334.76,306.93,121.70,91.99,0.03,2,-1
122,27,346.53,289.82,85.10,84.55,0.03,10,-1
123,27,347.20,288.83,91.64,92.74,0.04,10,-1
124,27,347.57,288.56,94.33,97.36,0.04,10,-1
125,27,347.35,288.12,94.91,100.06,0.07,10,-1
126,28,356.65,289.74,48.37,54.22,0.01,18,-1
127,28,357.91,288.05,48.42,54.32,0.07,18,-1
128,26,327.09,301.70,136.23,107.45,0.01,2,-1
128,27,357.04,287.23,68.21,70.79,0.03,10,-1
129,28,363.66,284.37,47.38,51.67,0.24,18,-1
130,26,339.39,287.25,108.44,88.73,0.21,2,-1
130,28,359.34,271.03,60.03,67.43,0.02,18,-1
131,26,347.89,277.15,91.82,77.50,0.08,2,-1
131,27,359.83,272.48,66.53,70.15,0.07,10,-1
131,28,361.60,267.48,61.19,69.45,0.04,18,-1
132,26,363.23,273.63,73.49,61.92,0.01,2,-1
132,27,360.06,267.84,66.59,71.00,0.05,10,-1
132,28,362.15,266.01,62.02,70.95,0.02,18,-1
133,26,352.01,269.16,81.98,70.52,0.23,2,-1
134,28,358.61,267.10,65.48,75.41,0.01,18,-1
135,27,356.46,267.45,74.39,81.04,0.03,10,-1
135,28,356.84,265.51,66.89,78.58,0.03,18,-1
136,26,347.40,269.31,89.80,80.57,0.02,2,-1
136,28,364.75,265.06,54.46,63.42,0.14,18,-1
137,27,357.35,266.26,73.24,81.82,0.04,10,-1
137,28,371.88,265.09,42.82,48.43,0.03,18,-1
138,26,349.94,270.60,85.81,79.37,0.03,2,-1
138,28,363.26,267.22,59.24,68.39,0.20,18,-1
139,26,353.20,272.51,80.98,76.77,0.03,2,-1
139,28,362.34,268.47,61.01,71.64,0.06,18,-1
140,26,351.03,272.50,90.16,88.31,0.11,2,-1
140,28,361.60,268.97,66.89,80.33,0.01,18,-1
141,26,345.92,272.38,102.63,104.63,0.01,2,-1
142,28,361.05,267.90,63.19,77.12,0.02,18,-1
143,27,359.41,266.39,61.57,70.05,0.03,10,-1
143,28,365.55,266.62,41.70,49.38,0.02,18,-1
144,27,362.43,265.78,52.31,60.04,0.02,10,-1
144,28,363.86,266.04,46.08,54.97,0.04,18,-1
146,27,369.11,273.90,50.55,57.51,0.15,10,-1
147,26,361.09,279.49,72.59,72.90,0.12,2,-1
147,27,373.94,281.57,44.33,48.81,0.08,10,-1
147,28,370.48,257.36,37.62,44.18,0.01,18,-1
148,27,374.27,282.87,45.54,49.42,0.59,10,-1
149,27,371.62,279.80,49.40,52.34,0.77,10,-1
150,27,370.04,276.80,53.08,55.18,0.84,10,-1
151,27,364.34,266.96,65.73,68.48,0.85,10,-1
152,27,363.76,258.33,72.92,76.08,0.90,10,-1
153,27,364.65,253.74,75.04,78.14,0.92,10,-1
154,27,367.38,244.90,77.90,80.90,0.91,10,-1
155,27,370.50,238.40,78.59,81.37,0.90,10,-1
156,27,374.51,228.17,79.80,82.75,0.91,10,-1
157,27,376.71,221.82,80.08,83.15,0.91,10,-1
158,27,381.24,211.25,78.97,82.41,0.91,10,-1
159,27,385.58,203.60,77.08,80.89,0.91,10,-1
160,27,392.80,191.70,75.27,79.44,0.91,10,-1
161,26,414.10,183.39,48.92,47.71,0.02,2,-1
161,27,399.20,183.46,73.29,77.59,0.90,10,-1
162,26,430.06,142.13,44.65,43.32,0.03,2,-1
162,27,408.01,173.53,71.57,75.67,0.91,10,-1
163,26,437.26,128.61,41.13,39.44,0.05,2,-1
163,27,414.11,168.60,68.93,72.51,0.90,10,-1
164,26,441.28,120.20,42.17,40.62,0.02,2,-1
164,27,421.53,161.56,66.94,70.00,0.88,10,-1
165,26,446.32,116.69,40.68,39.24,0.01,2,-1
165,27,425.20,158.16,65.82,68.35,0.88,10,-1
166,27,430.14,156.74,63.34,65.33,0.88,10,-1
167,27,436.71,157.07,61.43,62.77,0.87,10,-1
168,27,440.39,156.01,63.44,64.01,0.78,10,-1
169,27,442.89,157.11,64.02,64.03,0.84,10,-1
170,26,470.51,119.03,41.07,39.40,0.01,2,-1
170,27,448.64,157.21,65.78,65.33,0.85,10,-1
171,26,486.48,121.87,39.01,36.47,0.01,2,-1
171,27,456.13,156.75,68.19,67.43,0.87,10,-1
172,26,491.71,123.57,37.87,35.36,0.01,2,-1
172,27,463.02,156.75,69.17,68.16,0.88,10,-1
173,26,504.81,124.25,37.12,33.54,0.07,2,-1
173,27,472.93,155.83,70.17,68.66,0.89,10,-1
174,26,513.84,124.83,37.77,32.60,0.08,2,-1
174,27,481.48,155.08,70.57,68.39,0.89,10,-1
175,26,520.66,122.81,41.51,35.08,0.02,2,-1
175,27,491.44,152.70,72.24,69.34,0.88,10,-1
175,29,513.84,126.58,56.66,33.92,0.05,10,-1
176,26,526.54,121.30,44.01,36.47,0.06,2,-1
176,27,498.47,150.63,74.38,70.90,0.89,10,-1
176,29,517.06,123.69,62.41,37.39,0.17,10,-1
177,26,537.03,116.89,46.97,37.65,0.41,2,-1
177,27,509.34,148.47,74.04,70.05,0.87,10,-1
177,29,528.42,119.09,62.01,37.01,0.36,10,-1
178,27,516.38,145.63,75.62,71.16,0.88,10,-1
178,29,537.55,116.59,63.32,37.59,0.40,10,-1
178,28,502.76,152.39,35.15,37.99,0.10,18,-1
179,27,526.02,144.45,75.30,70.03,0.89,10,-1
179,29,547.40,115.11,62.63,36.86,0.57,10,-1
180,27,531.99,143.01,75.63,69.83,0.91,10,-1
180,29,551.47,112.59,63.25,37.01,0.58,10,-1
181,27,539.22,141.54,76.63,70.28,0.91,10,-1
181,29,559.52,109.86,64.10,37.10,0.50,10,-1
182,27,545.74,138.42,78.22,71.17,0.88,10,-1
182,29,561.12,105.33,65.03,37.82,0.40,10,-1
183,27,550.05,136.16,79.49,71.85,0.89,10,-1
183,29,563.70,103.33,64.39,37.54,0.15,10,-1
184,27,553.41,135.15,79.08,70.95,0.90,10,-1
184,29,571.36,103.95,63.11,36.57,0.04,10,-1
185,27,557.05,133.24,78.59,70.00,0.91,10,-1
185,29,569.81,99.99,63.10,36.67,0.05,10,-1
186,27,558.51,131.15,79.37,70.44,0.91,10,-1
186,29,570.59,97.68,63.40,36.91,0.12,10,-1
187,29,574.94,95.27,63.64,37.05,0.12,10,-1
188,29,570.43,93.87,63.18,37.15,0.06,10,-1
188,27,558.99,127.56,79.27,70.17,0.91,10,-1
189,29,580.59,99.37,60.65,36.69,0.03,10,-1
189,27,558.03,126.86,79.05,69.80,0.90,10,-1
