42,24,212.06,382.02,45.00,56.55,0.34,6,-1
43,24,219.53,372.18,75.52,94.50,0.22,6,-1
44,24,220.96,370.21,80.98,101.40,0.23,6,-1
45,24,224.24,370.16,80.36,102.59,0.51,6,-1
46,24,223.44,371.76,80.60,101.34,0.51,6,-1
48,25,491.61,351.69,141.81,95.51,0.36,3,-1
48,28,237.04,404.42,49.44,61.64,0.84,21,-1
49,25,493.63,352.29,138.30,94.37,0.79,3,-1
49,26,425.79,320.26,59.36,49.13,0.83,6,-1
49,27,386.83,297.84,45.65,47.05,0.84,15,-1
49,28,236.99,404.68,50.29,61.28,0.82,21,-1
50,25,491.80,350.42,142.55,94.00,0.89,3,-1
50,26,425.96,319.47,59.79,49.06,0.86,6,-1
50,27,386.15,297.06,46.22,47.25,0.84,15,-1
50,28,237.05,404.07,50.35,61.49,0.84,21,-1
51,25,490.45,352.62,146.29,91.31,0.89,3,-1
51,26,426.41,319.04,60.71,49.13,0.87,6,-1
51,27,385.89,296.62,46.55,47.65,0.84,15,-1
51,28,236.74,404.00,50.52,62.20,0.84,21,-1
52,25,487.58,348.39,151.81,99.42,0.55,3,-1
52,26,424.46,319.67,59.18,47.55,0.85,6,-1
52,27,384.99,296.92,46.18,48.38,0.84,15,-1
52,28,236.34,402.91,50.88,61.02,0.82,21,-1
67,27,383.71,298.06,50.18,48.64,0.69,15,-1
68,26,423.38,319.39,58.86,47.54,0.72,6,-1
68,27,383.64,297.74,49.49,48.62,0.80,15,-1
69,26,422.21,319.41,58.41,47.09,0.78,6,-1
69,27,384.13,298.06,47.93,48.35,0.84,15,-1
69,28,234.77,400.80,54.07,63.55,0.60,21,-1
70,26,421.53,319.78,58.76,46.69,0.79,6,-1
70,27,384.56,297.46,47.99,48.82,0.83,15,-1
70,28,232.22,398.92,57.14,65.44,0.66,21,-1
71,26,422.97,318.38,58.36,47.42,0.84,6,-1
71,27,385.01,297.57,47.53,48.31,0.84,15,-1
71,28,232.23,400.00,55.90,64.85,0.84,21,-1
72,26,423.49,317.85,58.25,47.58,0.86,6,-1
72,27,384.92,297.57,47.66,47.80,0.83,15,-1
72,28,232.82,400.25,54.32,63.09,0.84,21,-1
73,25,484.19,338.23,149.50,115.85,0.33,3,-1
73,26,426.63,318.08,56.83,48.66,0.82,6,-1
73,27,385.21,297.50,47.34,48.08,0.84,15,-1
73,28,233.43,401.30,53.44,62.50,0.84,21,-1
74,26,427.43,318.84,56.44,47.75,0.86,6,-1
74,27,385.38,297.48,46.41,47.68,0.83,15,-1
74,28,233.75,401.34,53.22,62.60,0.84,21,-1
75,25,489.48,342.74,137.85,105.30,0.54,3,-1
75,26,426.53,319.41,57.05,47.20,0.86,6,-1
75,27,384.13,297.46,47.69,48.23,0.84,15,-1
75,28,233.85,401.11,54.23,62.89,0.84,21,-1
76,25,491.33,346.88,128.26,94.46,0.67,3,-1
76,26,425.15,319.15,57.79,46.18,0.88,6,-1
76,27,382.75,297.27,47.91,47.90,0.84,15,-1
76,28,235.25,400.35,53.71,63.52,0.84,21,-1
77,25,490.60,348.43,135.54,92.59,0.78,3,-1
77,26,424.52,319.30,58.22,45.63,0.87,6,-1
77,27,383.76,297.57,46.94,48.17,0.85,15,-1
77,28,235.40,400.07,53.88,63.66,0.83,21,-1
78,25,489.16,350.72,145.05,92.97,0.81,3,-1
78,26,424.74,319.17,57.81,46.47,0.88,6,-1
78,27,383.90,296.85,47.18,48.79,0.86,15,-1
78,28,234.19,401.51,53.93,62.84,0.82,21,-1
79,25,486.90,350.74,151.74,92.76,0.83,3,-1
79,26,424.82,319.22,59.32,47.44,0.87,6,-1
79,27,384.20,295.68,46.68,49.25,0.87,15,-1
79,28,234.97,401.29,52.39,63.25,0.82,21,-1
80,25,487.20,351.92,153.93,91.37,0.85,3,-1
80,26,425.25,318.82,59.04,47.56,0.88,6,-1
80,27,383.34,295.52,47.46,50.07,0.88,15,-1
80,28,235.18,402.28,51.53,62.22,0.82,21,-1
81,25,487.21,352.02,156.09,92.60,0.86,3,-1
81,26,425.03,318.52,59.31,47.71,0.88,6,-1
81,27,383.68,295.50,47.85,50.47,0.88,15,-1
81,28,235.16,402.93,51.16,61.61,0.82,21,-1
82,25,488.88,353.09,147.38,93.12,0.68,3,-1
82,26,424.43,318.62,60.48,48.18,0.88,6,-1
82,27,384.15,295.70,47.02,50.32,0.88,15,-1
82,28,234.76,403.45,51.28,61.90,0.83,21,-1
83,25,490.58,353.85,146.22,92.49,0.52,3,-1
83,26,424.28,318.66,60.79,48.34,0.88,6,-1
83,27,384.42,295.32,46.32,49.88,0.88,15,-1
83,28,234.59,403.15,51.48,61.94,0.84,21,-1
84,25,492.06,352.25,139.61,97.41,0.35,3,-1
84,26,425.06,318.37,60.10,47.96,0.88,6,-1
84,27,384.79,294.90,47.45,49.91,0.88,15,-1
84,28,235.72,403.69,50.77,61.20,0.84,21,-1
85,25,489.22,349.65,143.57,93.58,0.77,3,-1
85,31,491.50,350.24,86.96,87.53,0.74,3,-1
85,26,425.76,318.42,60.30,48.33,0.88,6,-1
85,27,384.57,294.77,47.70,49.87,0.87,15,-1
85,28,235.96,403.93,50.53,60.97,0.84,21,-1
86,25,488.79,345.20,150.93,92.83,0.83,3,-1
86,26,425.57,318.64,60.32,48.32,0.87,6,-1
86,27,384.80,294.91,47.32,49.54,0.87,15,-1
86,28,235.69,403.66,50.74,61.15,0.84,21,-1
87,25,494.49,334.72,148.19,86.35,0.87,3,-1
87,26,425.18,318.55,60.74,48.61,0.87,6,-1
87,27,384.90,294.99,47.16,49.41,0.87,15,-1
87,28,235.41,403.67,50.84,61.08,0.84,21,-1
88,25,498.06,309.99,139.16,84.10,0.64,3,-1
88,31,500.81,265.88,128.65,117.70,0.60,3,-1
88,26,424.97,318.29,61.03,49.00,0.87,6,-1
88,27,384.89,294.99,47.15,49.41,0.87,15,-1
88,28,235.33,403.74,50.84,60.97,0.84,21,-1
89,31,505.17,219.09,134.06,163.34,0.86,3,-1
89,26,424.68,318.08,61.27,49.32,0.87,6,-1
89,27,385.22,294.98,46.57,49.72,0.87,15,-1
89,28,235.35,403.82,50.79,60.88,0.84,21,-1
90,31,510.56,171.10,132.62,214.20,0.77,3,-1
90,25,526.13,140.70,110.95,236.37,0.58,3,-1
90,26,424.78,317.94,61.89,49.58,0.88,6,-1
90,27,385.50,295.51,46.18,50.08,0.87,15,-1
90,28,235.37,403.79,50.76,60.89,0.84,21,-1
91,25,530.45,110.47,107.96,257.87,0.88,3,-1
91,26,424.81,317.96,62.09,49.52,0.87,6,-1
91,27,384.98,295.72,46.01,50.19,0.87,15,-1
91,28,235.36,403.78,50.66,60.94,0.84,21,-1
92,25,522.86,82.22,116.64,281.03,0.87,3,-1
92,26,424.73,318.36,62.48,49.90,0.87,6,-1
92,27,384.82,295.23,45.90,50.09,0.87,15,-1
92,28,235.31,403.66,50.71,61.06,0.84,21,-1
93,25,515.45,26.43,110.30,281.85,0.84,3,-1
93,26,424.13,317.97,63.49,49.85,0.87,6,-1
93,27,384.79,295.11,45.80,50.04,0.87,15,-1
93,28,235.13,403.41,50.87,61.27,0.84,21,-1
94,25,499.72,-1.10,108.12,267.48,0.86,3,-1
94,26,424.12,317.99,63.70,49.71,0.87,6,-1
94,27,384.89,295.20,45.65,49.80,0.87,15,-1
94,28,235.13,403.53,50.83,61.12,0.84,21,-1
95,25,485.87,-9.43,97.81,241.12,0.86,3,-1
95,26,424.68,318.20,63.04,50.10,0.88,6,-1
95,27,384.97,295.24,45.66,49.73,0.87,15,-1
95,28,235.11,403.54,50.82,61.15,0.83,21,-1
96,25,468.29,-12.37,89.89,224.08,0.86,3,-1
96,26,424.98,318.32,62.74,50.22,0.88,6,-1
96,27,385.15,295.33,45.53,49.56,0.87,15,-1
96,28,234.96,403.74,50.93,61.17,0.83,21,-1
97,25,452.39,-9.24,86.36,211.54,0.85,3,-1
97,26,425.02,318.31,62.77,50.33,0.88,6,-1
97,27,385.37,295.47,45.40,49.31,0.86,15,-1
97,28,234.78,403.76,51.06,61.28,0.83,21,-1
98,25,437.77,-7.09,83.60,198.41,0.88,3,-1
98,26,425.14,318.17,62.69,50.50,0.88,6,-1
98,27,385.34,295.42,45.50,49.28,0.86,15,-1
98,28,234.80,403.90,51.01,61.22,0.83,21,-1
99,25,432.59,14.62,87.29,174.86,0.90,3,-1
99,26,425.15,318.02,62.71,50.70,0.87,6,-1
99,27,385.22,295.28,45.62,49.39,0.86,15,-1
99,28,234.66,403.85,51.10,61.29,0.83,21,-1
100,25,430.02,45.53,94.38,146.15,0.92,3,-1
100,26,425.86,319.09,63.06,50.34,0.87,6,-1
100,27,385.67,296.29,45.95,48.71,0.85,15,-1
100,28,235.30,402.25,52.77,63.48,0.83,21,-1
101,25,433.87,78.65,97.15,116.71,0.91,3,-1
101,26,426.33,318.87,62.96,50.11,0.87,6,-1
101,27,385.87,296.70,46.03,48.44,0.85,15,-1
101,28,235.53,401.66,53.38,64.31,0.83,21,-1
102,25,441.35,101.01,101.98,94.61,0.89,3,-1
102,26,426.19,319.52,63.18,50.09,0.87,6,-1
102,27,385.85,296.87,46.13,48.31,0.86,15,-1
102,28,235.54,401.35,53.68,64.67,0.84,21,-1
103,25,456.73,112.01,110.07,80.93,0.89,3,-1
103,26,425.83,319.77,63.43,50.14,0.87,6,-1
103,27,385.79,296.86,46.19,48.31,0.86,15,-1
103,28,235.55,401.27,53.76,64.77,0.84,21,-1
104,25,475.20,111.10,105.27,79.18,0.89,3,-1
104,26,425.59,319.71,63.60,50.36,0.87,6,-1
104,27,385.75,296.75,46.26,48.42,0.86,15,-1
104,28,235.58,401.31,53.78,64.65,0.84,21,-1
105,25,492.60,107.09,98.25,77.27,0.88,3,-1
105,26,425.57,319.66,63.59,50.46,0.87,6,-1
105,27,385.70,296.65,46.33,48.56,0.86,15,-1
105,28,235.69,401.49,53.59,64.50,0.84,21,-1
106,25,506.23,94.24,92.31,83.26,0.89,3,-1
106,26,425.62,319.67,63.54,50.47,0.87,6,-1
106,27,385.58,296.69,46.41,48.59,0.86,15,-1
106,28,235.71,401.62,53.55,64.40,0.84,21,-1
107,25,517.70,89.03,87.87,82.17,0.89,3,-1
107,26,425.57,319.67,63.55,50.53,0.87,6,-1
107,27,385.48,296.63,46.49,48.68,0.86,15,-1
107,28,235.89,401.70,53.41,64.29,0.84,21,-1
108,25,532.21,81.59,80.78,70.65,0.82,3,-1
108,34,566.81,80.78,46.64,47.70,0.81,3,-1
108,26,425.54,319.79,63.64,50.41,0.87,6,-1
108,27,385.54,296.65,46.46,48.65,0.86,15,-1
108,28,235.87,401.77,53.41,64.19,0.84,21,-1
109,34,571.92,74.62,42.64,44.62,0.85,3,-1
109,26,425.61,319.87,63.51,50.29,0.87,6,-1
109,27,385.60,296.56,46.36,48.72,0.86,15,-1
109,28,235.88,401.86,53.37,64.13,0.84,21,-1
110,34,572.63,70.31,40.68,42.95,0.87,3,-1
110,26,425.66,319.91,63.51,50.17,0.87,6,-1
110,27,385.74,296.58,46.18,48.67,0.86,15,-1
110,28,235.85,401.82,53.38,64.15,0.84,21,-1
111,34,572.99,68.64,37.48,42.60,0.88,3,-1
111,26,425.77,319.84,63.35,50.19,0.87,6,-1
111,27,385.86,296.63,46.08,48.59,0.86,15,-1
111,28,235.84,401.33,53.37,63.94,0.84,21,-1
112,34,571.40,68.37,36.21,43.98,0.87,3,-1
112,26,425.87,319.77,63.24,50.29,0.87,6,-1
112,27,385.28,296.71,46.02,48.47,0.86,15,-1
112,28,235.86,401.22,53.32,63.80,0.84,21,-1
113,34,566.54,68.76,34.86,43.88,0.87,3,-1
113,26,425.95,319.72,63.28,50.33,0.87,6,-1
113,27,385.70,296.77,46.01,48.39,0.86,15,-1
113,28,235.87,401.20,53.30,63.73,0.84,21,-1
114,34,562.51,69.03,35.50,43.93,0.89,3,-1
114,26,425.99,319.72,63.28,50.31,0.87,6,-1
114,27,385.21,296.83,45.99,48.35,0.86,15,-1
114,28,235.89,401.20,53.27,63.69,0.84,21,-1
115,34,557.87,69.10,37.05,43.32,0.87,3,-1
115,26,426.05,319.73,63.18,50.30,0.87,6,-1
115,27,385.03,296.84,45.98,48.33,0.86,15,-1
115,28,235.86,401.12,53.34,63.77,0.84,21,-1
116,34,554.28,69.83,37.45,43.80,0.89,3,-1
116,26,426.07,319.72,63.11,50.28,0.87,6,-1
116,27,384.98,296.82,45.96,48.33,0.86,15,-1
116,28,235.87,401.18,53.35,63.60,0.84,21,-1
117,34,552.27,70.45,37.56,43.32,0.88,3,-1
117,26,426.07,319.72,63.06,50.26,0.87,6,-1
117,27,384.97,296.81,45.94,48.34,0.86,15,-1
117,28,235.87,401.18,53.36,63.56,0.84,21,-1
118,34,548.60,71.97,41.13,44.45,0.88,3,-1
118,26,426.10,319.68,63.06,50.27,0.87,6,-1
118,27,384.91,296.83,45.96,48.32,0.86,15,-1
118,28,235.84,401.16,53.39,63.58,0.84,21,-1
119,34,547.15,73.23,42.14,45.67,0.86,3,-1
119,26,426.07,319.72,63.09,50.20,0.87,6,-1
119,27,384.95,296.90,45.92,48.26,0.86,15,-1
119,28,235.84,401.15,53.40,63.59,0.84,21,-1
120,34,546.66,74.44,42.27,46.61,0.88,3,-1
120,26,425.91,319.73,63.19,50.20,0.87,6,-1
120,27,384.89,296.94,45.94,48.21,0.86,15,-1
120,28,235.81,401.09,53.45,63.65,0.84,21,-1
121,34,547.69,77.62,40.02,46.50,0.87,3,-1
121,26,425.86,319.82,63.19,50.08,0.87,6,-1
121,27,384.90,296.97,45.91,48.18,0.86,15,-1
121,28,235.90,401.16,53.37,63.60,0.84,21,-1
122,34,545.98,79.08,39.68,46.99,0.87,3,-1
122,26,425.85,319.20,63.17,50.01,0.87,6,-1
122,27,384.89,296.97,45.92,48.17,0.86,15,-1
122,28,235.88,401.19,53.38,63.58,0.84,21,-1
123,34,543.82,81.43,39.54,47.82,0.88,3,-1
123,26,425.88,318.97,63.13,49.98,0.87,6,-1
123,27,384.94,296.98,45.85,48.15,0.86,15,-1
123,28,235.88,401.16,53.41,63.63,0.84,21,-1
124,34,542.35,83.48,39.49,48.29,0.87,3,-1
124,26,425.94,319.49,63.09,50.02,0.87,6,-1
124,27,384.93,296.90,45.83,48.21,0.86,15,-1
124,28,235.85,401.11,53.45,63.69,0.84,21,-1
125,34,541.45,84.56,40.09,49.28,0.86,3,-1
125,26,425.95,319.67,63.08,50.02,0.87,6,-1
125,27,384.84,296.84,45.89,48.27,0.86,15,-1
125,28,235.66,401.55,53.58,63.96,0.84,21,-1
126,34,539.74,86.00,40.69,49.30,0.86,3,-1
126,26,425.92,319.09,63.06,49.98,0.87,6,-1
126,27,384.98,296.89,45.81,48.25,0.86,15,-1
126,28,235.49,401.56,53.78,64.21,0.84,21,-1
127,34,538.62,87.54,40.78,49.99,0.85,3,-1
127,26,425.90,318.88,63.07,49.97,0.87,6,-1
127,27,385.05,296.90,45.77,48.25,0.86,15,-1
127,28,235.43,401.54,53.88,64.34,0.84,21,-1
128,34,536.23,88.89,40.19,51.91,0.86,3,-1
128,26,425.91,318.96,63.02,49.81,0.87,6,-1
128,27,385.10,296.94,45.70,48.16,0.86,15,-1
128,28,235.87,401.40,54.05,64.46,0.84,21,-1
129,34,534.92,91.08,40.14,52.53,0.87,3,-1
129,26,425.94,319.02,62.97,49.72,0.87,6,-1
129,27,385.15,296.99,45.65,48.10,0.86,15,-1
129,28,236.05,401.37,54.09,64.49,0.84,21,-1
130,34,532.43,93.19,40.69,52.45,0.86,3,-1
130,26,426.08,319.23,62.68,49.40,0.86,6,-1
130,27,385.11,297.00,45.69,48.10,0.86,15,-1
130,28,236.15,401.25,54.12,64.62,0.84,21,-1
131,34,529.78,94.29,41.37,52.22,0.85,3,-1
131,26,426.23,319.31,62.50,49.28,0.86,6,-1
131,27,385.08,297.02,45.70,48.09,0.86,15,-1
131,28,236.20,401.17,54.10,64.71,0.84,21,-1
132,34,527.79,96.18,41.94,53.02,0.88,3,-1
132,26,426.27,319.28,62.42,49.26,0.86,6,-1
132,27,385.44,296.79,45.93,48.11,0.85,15,-1
132,28,236.23,401.16,54.08,64.73,0.84,21,-1
133,34,523.24,99.31,43.10,53.14,0.87,3,-1
133,26,426.30,319.37,62.37,49.18,0.86,6,-1
133,27,385.03,296.78,45.92,48.04,0.85,15,-1
133,28,235.67,401.19,53.87,64.70,0.83,21,-1
134,34,520.21,101.69,43.26,51.94,0.86,3,-1
134,26,426.25,319.34,62.38,49.21,0.86,6,-1
134,27,384.90,296.10,45.85,47.99,0.85,15,-1
134,28,235.45,401.17,53.81,64.71,0.83,21,-1
135,34,517.90,102.97,43.09,52.23,0.86,3,-1
135,26,426.29,319.40,62.31,49.15,0.86,6,-1
135,27,384.88,295.88,45.80,47.96,0.86,15,-1
135,28,235.41,401.20,53.75,64.69,0.83,21,-1
136,34,515.50,104.31,43.50,51.91,0.87,3,-1
136,26,426.28,319.42,62.31,49.14,0.86,6,-1
136,27,384.78,295.83,45.83,47.96,0.86,15,-1
136,28,235.38,401.23,53.72,64.65,0.83,21,-1
137,34,513.54,105.26,44.56,51.67,0.87,3,-1
137,26,426.32,319.49,62.25,49.05,0.86,6,-1
137,27,384.72,296.45,45.87,47.99,0.86,15,-1
137,28,235.36,401.24,53.70,64.64,0.83,21,-1
138,34,511.43,107.66,44.41,51.82,0.86,3,-1
138,26,426.26,319.49,62.32,49.07,0.86,6,-1
138,27,384.70,296.71,45.85,48.01,0.85,15,-1
138,28,235.37,401.25,53.68,64.64,0.83,21,-1
139,34,509.07,111.75,43.84,49.96,0.84,3,-1
139,26,426.45,319.51,62.11,49.02,0.86,6,-1
139,27,384.77,296.28,45.79,47.91,0.85,15,-1
139,28,235.47,401.34,53.56,64.59,0.84,21,-1
140,34,506.91,114.18,43.54,48.30,0.84,3,-1
140,26,426.44,319.56,62.16,48.97,0.86,6,-1
140,27,384.78,296.15,45.76,47.86,0.85,15,-1
140,28,235.49,401.38,53.50,64.56,0.83,21,-1
141,34,504.66,117.05,42.06,46.60,0.84,3,-1
141,26,426.47,319.65,62.11,48.86,0.86,6,-1
141,27,384.84,296.14,45.70,47.78,0.85,15,-1
141,28,235.55,401.37,53.44,64.57,0.83,21,-1
142,34,502.47,119.87,42.14,44.54,0.85,3,-1
142,26,425.97,319.68,61.99,48.84,0.86,6,-1
142,27,384.76,296.07,45.80,47.87,0.85,15,-1
142,28,235.87,401.22,53.05,64.74,0.83,21,-1
143,34,498.01,121.17,40.88,45.95,0.86,3,-1
143,26,425.84,319.68,61.91,48.83,0.86,6,-1
143,27,385.32,296.00,45.94,47.95,0.85,15,-1
143,28,235.99,401.07,52.93,64.91,0.84,21,-1
144,34,494.76,124.57,40.35,44.55,0.84,3,-1
144,26,425.73,319.75,61.90,48.75,0.86,6,-1
144,27,385.51,296.02,46.00,47.94,0.85,15,-1
144,28,236.04,401.12,52.84,64.86,0.84,21,-1
145,34,491.36,126.67,41.65,42.79,0.86,3,-1
145,26,426.27,319.71,61.98,48.82,0.86,6,-1
145,27,385.60,296.00,46.02,47.96,0.85,15,-1
145,28,236.06,401.16,52.80,64.81,0.84,21,-1
146,34,488.72,130.00,39.85,40.71,0.86,3,-1
146,26,426.48,319.70,62.01,48.83,0.86,6,-1
146,27,385.01,296.12,45.99,47.86,0.85,15,-1
146,28,235.98,401.13,52.93,64.84,0.84,21,-1
147,34,487.01,131.99,38.80,39.30,0.86,3,-1
147,26,426.49,319.77,62.06,48.81,0.87,6,-1
147,27,385.38,296.13,46.03,47.86,0.85,15,-1
147,28,236.04,401.13,52.93,64.84,0.84,21,-1
148,34,483.08,133.56,38.12,39.16,0.86,3,-1
148,26,426.25,319.68,62.25,48.95,0.86,6,-1
148,27,385.50,296.16,46.09,47.89,0.85,15,-1
148,28,236.03,401.06,52.95,64.90,0.84,21,-1
149,34,479.74,135.87,37.89,37.51,0.85,3,-1
149,26,426.19,319.75,62.22,48.88,0.86,6,-1
149,27,385.53,296.16,46.17,47.89,0.85,15,-1
149,28,236.05,401.10,52.86,64.84,0.83,21,-1
150,34,478.20,137.88,37.94,36.29,0.86,3,-1
150,26,425.67,319.81,61.97,48.80,0.87,6,-1
150,27,385.70,295.78,45.67,47.86,0.85,15,-1
150,28,235.08,401.40,53.21,64.88,0.84,21,-1
151,34,475.89,138.60,37.14,35.08,0.86,3,-1
151,26,425.75,319.84,61.65,48.72,0.87,6,-1
151,27,385.76,295.64,45.49,47.84,0.85,15,-1
151,28,234.66,401.50,53.42,64.88,0.84,21,-1
152,34,473.42,139.16,37.40,34.02,0.85,3,-1
152,26,425.82,319.83,61.50,48.69,0.87,6,-1
152,27,385.76,295.57,45.44,47.86,0.85,15,-1
152,28,235.16,402.08,52.62,63.72,0.83,21,-1
153,34,470.55,140.19,38.01,34.10,0.84,3,-1
153,26,425.80,319.87,61.48,48.59,0.87,6,-1
153,27,385.74,295.48,45.42,47.91,0.85,15,-1
153,28,234.91,401.77,52.88,64.46,0.83,21,-1
154,34,468.83,140.70,37.95,33.68,0.84,3,-1
154,26,425.80,319.85,61.50,48.60,0.87,6,-1
154,27,385.72,295.46,45.44,47.92,0.85,15,-1
154,28,234.82,401.63,52.99,64.76,0.83,21,-1
155,34,466.69,141.03,38.51,33.50,0.83,3,-1
155,26,425.81,319.83,61.50,48.61,0.87,6,-1
155,27,385.75,295.45,45.39,47.91,0.85,15,-1
155,28,234.85,401.62,52.98,64.83,0.83,21,-1
156,34,464.79,141.43,38.15,33.56,0.84,3,-1
156,26,425.76,319.75,61.54,48.68,0.88,6,-1
156,27,385.82,295.48,45.30,47.86,0.85,15,-1
156,28,234.57,401.42,53.28,65.03,0.83,21,-1
157,34,463.42,141.66,37.39,33.46,0.83,3,-1
157,26,425.74,319.75,61.55,48.67,0.88,6,-1
157,27,385.90,295.54,45.23,47.78,0.85,15,-1
157,28,234.58,401.38,53.33,65.05,0.83,21,-1
158,34,459.98,142.68,37.52,33.89,0.84,3,-1
158,26,425.78,319.74,61.53,48.66,0.88,6,-1
158,27,385.94,295.56,45.20,47.74,0.85,15,-1
158,28,234.56,401.36,53.37,65.05,0.83,21,-1
159,34,457.68,142.83,37.61,34.28,0.84,3,-1
159,26,425.83,319.71,61.50,48.69,0.88,6,-1
159,27,385.91,295.52,45.21,47.79,0.85,15,-1
159,28,234.79,401.49,53.24,64.88,0.83,21,-1
160,34,456.42,143.27,37.20,33.91,0.84,3,-1
160,26,425.85,319.69,61.49,48.71,0.87,6,-1
160,27,385.88,295.47,45.25,47.82,0.85,15,-1
160,28,234.87,401.60,53.17,64.77,0.83,21,-1
161,34,454.81,143.64,38.37,33.34,0.84,3,-1
161,26,425.86,319.62,61.50,48.77,0.87,6,-1
161,27,385.80,295.39,45.34,47.92,0.85,15,-1
161,28,234.80,401.58,53.26,64.81,0.83,21,-1
162,34,453.98,144.17,38.78,33.30,0.84,3,-1
162,26,425.88,319.63,61.49,48.77,0.87,6,-1
162,27,385.84,295.40,45.28,47.91,0.85,15,-1
162,28,235.66,401.47,52.77,64.85,0.83,21,-1
163,34,452.03,144.35,38.39,33.78,0.83,3,-1
163,26,425.74,319.62,61.63,48.77,0.87,6,-1
163,27,385.89,295.44,45.20,47.86,0.85,15,-1
163,28,235.58,401.90,52.43,64.45,0.83,21,-1
164,34,450.58,144.37,38.05,33.36,0.83,3,-1
164,26,425.70,319.63,61.67,48.76,0.87,6,-1
164,27,385.92,295.46,45.16,47.83,0.85,15,-1
164,28,235.52,402.08,52.32,64.27,0.83,21,-1
165,34,449.99,144.14,37.94,33.24,0.83,3,-1
165,26,425.66,319.61,61.74,48.78,0.87,6,-1
165,27,385.93,295.47,45.12,47.79,0.85,15,-1
165,28,235.47,401.94,52.34,64.37,0.83,21,-1
166,34,450.51,143.77,38.25,33.29,0.83,3,-1
166,26,425.59,319.59,61.80,48.78,0.87,6,-1
166,27,385.92,295.50,45.11,47.76,0.85,15,-1
166,28,235.47,401.99,52.28,64.24,0.83,21,-1
167,34,450.87,143.54,38.69,33.24,0.83,3,-1
167,26,425.56,319.59,61.83,48.79,0.87,6,-1
167,27,385.88,295.46,45.13,47.80,0.85,15,-1
167,28,235.54,402.08,52.21,64.09,0.83,21,-1
168,34,452.45,143.15,38.88,33.40,0.82,3,-1
168,26,425.79,319.18,62.06,49.25,0.87,6,-1
168,27,385.94,295.55,45.04,47.65,0.85,15,-1
168,28,235.04,401.57,52.04,63.90,0.83,21,-1
169,34,453.33,143.11,39.11,33.77,0.84,3,-1
169,26,425.69,319.45,61.87,48.88,0.87,6,-1
169,27,385.99,295.59,44.98,47.60,0.85,15,-1
169,28,235.54,401.31,51.99,63.90,0.83,21,-1
170,34,454.06,142.54,39.13,33.79,0.84,3,-1
170,26,425.66,319.56,61.78,48.72,0.88,6,-1
170,27,386.03,295.62,44.94,47.54,0.85,15,-1
170,28,235.13,401.24,51.89,63.84,0.83,21,-1
171,34,454.56,142.93,39.24,33.93,0.84,3,-1
171,26,425.63,319.61,61.75,48.66,0.88,6,-1
171,27,386.07,295.64,44.86,47.50,0.85,15,-1
171,28,234.97,401.09,51.86,63.91,0.83,21,-1
172,34,455.02,143.13,39.10,34.05,0.83,3,-1
172,26,425.66,319.62,61.72,48.64,0.88,6,-1
172,27,386.10,295.65,44.84,47.50,0.85,15,-1
172,28,234.93,401.65,51.86,63.98,0.83,21,-1
173,34,455.28,143.10,39.97,34.25,0.84,3,-1
173,26,425.67,319.62,61.69,48.64,0.88,6,-1
173,27,386.02,295.66,44.89,47.48,0.85,15,-1
173,28,235.03,401.88,51.80,64.01,0.83,21,-1
174,34,455.22,142.26,39.88,34.07,0.84,3,-1
174,26,425.66,319.61,61.71,48.65,0.88,6,-1
174,27,386.00,295.70,44.90,47.45,0.85,15,-1
174,28,235.06,401.95,51.80,64.04,0.83,21,-1
175,34,455.72,141.82,40.04,33.96,0.84,3,-1
175,26,425.69,319.59,61.69,48.66,0.88,6,-1
175,27,385.76,296.02,45.18,47.22,0.85,15,-1
175,28,234.98,401.90,51.88,64.09,0.83,21,-1
176,34,455.44,141.54,39.97,34.18,0.84,3,-1
176,26,425.94,319.17,61.89,49.11,0.88,6,-1
176,27,385.72,296.18,45.26,47.09,0.85,15,-1
176,28,234.98,401.88,51.92,64.11,0.83,21,-1
177,34,455.91,141.30,40.02,34.28,0.84,3,-1
177,26,425.87,319.45,61.68,48.79,0.88,6,-1
177,27,385.70,296.24,45.29,47.03,0.85,15,-1
177,28,234.98,401.88,51.91,64.11,0.83,21,-1
178,34,455.58,140.51,39.98,34.03,0.84,3,-1
178,26,425.83,319.56,61.61,48.67,0.88,6,-1
178,27,385.71,296.27,45.27,46.99,0.84,15,-1
178,28,235.00,401.92,51.87,64.08,0.83,21,-1
179,34,455.61,140.35,39.65,33.78,0.84,3,-1
179,26,425.81,319.64,61.58,48.57,0.88,6,-1
179,27,385.90,295.95,45.02,47.25,0.84,15,-1
179,28,235.03,401.96,51.85,64.05,0.83,21,-1
180,34,456.32,140.19,39.17,33.57,0.84,3,-1
180,26,425.81,319.67,61.56,48.53,0.88,6,-1
180,27,385.79,296.18,45.15,47.06,0.84,15,-1
180,28,234.97,401.96,51.87,64.06,0.83,21,-1
181,34,457.07,140.39,38.30,33.14,0.85,3,-1
181,26,425.82,319.71,61.54,48.48,0.88,6,-1
181,27,385.97,295.95,44.92,47.24,0.85,15,-1
181,28,234.97,402.00,51.85,64.03,0.83,21,-1
182,34,458.61,140.45,38.51,33.03,0.85,3,-1
182,26,425.79,319.74,61.55,48.44,0.88,6,-1
182,27,385.79,296.20,45.09,47.03,0.84,15,-1
182,28,234.99,402.00,51.84,64.04,0.83,21,-1
183,34,461.74,139.28,39.59,33.59,0.85,3,-1
183,26,425.73,319.75,61.56,48.41,0.88,6,-1
183,27,385.80,296.37,45.09,46.86,0.85,15,-1
183,28,235.03,402.01,51.79,64.04,0.83,21,-1
184,34,464.33,138.25,39.91,34.33,0.85,3,-1
184,26,425.71,319.74,61.57,48.42,0.88,6,-1
184,27,385.74,296.40,45.19,46.86,0.85,15,-1
184,28,235.03,401.99,51.80,64.06,0.83,21,-1
185,34,465.95,136.61,39.75,35.90,0.85,3,-1
185,26,425.71,319.73,61.56,48.40,0.88,6,-1
185,27,385.68,296.38,45.26,46.92,0.85,15,-1
185,28,235.00,401.95,51.81,64.11,0.83,21,-1
186,34,468.69,133.91,39.66,38.17,0.85,3,-1
186,26,425.72,319.74,61.55,48.40,0.88,6,-1
186,27,385.63,296.33,45.34,47.00,0.85,15,-1
186,28,234.99,401.94,51.81,64.12,0.83,21,-1
187,34,470.66,131.88,39.62,39.60,0.86,3,-1
187,26,425.70,319.78,61.55,48.36,0.88,6,-1
187,27,385.68,296.35,45.27,46.96,0.85,15,-1
187,28,235.01,401.96,51.80,64.11,0.83,21,-1
188,34,475.76,130.03,38.88,39.55,0.86,3,-1
188,26,425.83,319.92,61.41,48.21,0.88,6,-1
188,27,385.95,296.11,44.96,47.12,0.85,15,-1
188,28,235.02,401.97,51.78,64.10,0.83,21,-1
189,34,478.86,128.31,38.77,41.33,0.86,3,-1
189,26,425.91,319.94,61.35,48.20,0.88,6,-1
189,27,386.09,296.05,44.84,47.13,0.85,15,-1
189,28,235.03,401.98,51.78,64.08,0.83,21,-1
190,34,481.18,125.82,38.74,42.49,0.86,3,-1
190,26,425.90,319.96,61.37,48.20,0.88,6,-1
190,27,386.13,296.03,44.83,47.17,0.85,15,-1
190,28,235.03,402.01,51.77,64.06,0.83,21,-1
191,34,482.56,125.42,39.39,42.62,0.86,3,-1
191,26,425.77,319.95,61.50,48.21,0.88,6,-1
191,27,386.09,295.94,44.90,47.27,0.85,15,-1
191,28,234.99,401.98,51.80,64.08,0.83,21,-1
192,34,483.94,124.94,39.74,42.26,0.86,3,-1
192,26,425.73,319.93,61.54,48.25,0.88,6,-1
192,27,386.09,295.92,44.91,47.27,0.85,15,-1
192,28,235.05,401.99,51.75,64.05,0.83,21,-1
193,34,486.50,124.13,39.02,42.60,0.87,3,-1
193,26,425.72,319.90,61.56,48.28,0.88,6,-1
193,27,386.01,295.82,45.00,47.36,0.85,15,-1
193,28,234.98,401.88,51.86,64.14,0.83,21,-1
194,34,487.48,124.32,38.25,41.66,0.87,3,-1
194,26,425.67,319.86,61.60,48.34,0.88,6,-1
194,27,385.93,295.78,45.07,47.39,0.85,15,-1
194,28,234.94,401.82,51.92,64.19,0.83,21,-1
195,34,488.80,126.06,37.24,39.56,0.86,3,-1
195,26,425.63,319.85,61.63,48.37,0.88,6,-1
195,27,385.89,295.79,45.13,47.40,0.85,15,-1
195,28,235.52,401.74,52.00,64.28,0.83,21,-1
196,34,489.95,128.02,36.05,37.53,0.86,3,-1
196,26,425.65,319.85,61.61,48.36,0.88,6,-1
196,27,385.87,295.81,45.15,47.38,0.85,15,-1
196,28,235.73,401.72,52.04,64.31,0.83,21,-1
197,34,490.97,130.79,35.05,34.57,0.85,3,-1
197,26,425.65,319.84,61.59,48.36,0.88,6,-1
197,27,385.83,295.77,45.19,47.41,0.85,15,-1
197,28,235.77,401.67,52.10,64.37,0.83,21,-1
198,34,491.66,134.72,33.69,31.07,0.86,3,-1
198,26,425.72,319.87,61.52,48.33,0.88,6,-1
198,27,385.78,295.73,45.24,47.43,0.85,15,-1
198,28,235.75,401.60,52.16,64.45,0.83,21,-1
199,34,491.25,138.88,33.13,27.65,0.86,3,-1
199,26,425.67,319.88,61.55,48.32,0.88,6,-1
199,27,385.77,295.68,45.24,47.45,0.85,15,-1
199,28,235.71,401.54,52.21,64.51,0.83,21,-1
200,34,491.04,141.69,32.12,25.09,0.85,3,-1
200,26,425.51,319.84,62.32,47.72,0.88,6,-1
200,27,385.32,295.90,45.58,47.40,0.85,15,-1
200,28,235.18,402.97,51.36,63.07,0.84,21,-1
201,34,489.96,144.72,30.77,23.10,0.80,3,-1
201,26,425.55,319.82,62.53,47.47,0.88,6,-1
201,27,385.17,295.98,45.70,47.36,0.85,15,-1
201,28,234.88,403.32,51.28,62.66,0.84,21,-1
202,34,489.40,147.37,26.12,20.86,0.39,3,-1
202,26,425.65,319.85,62.54,47.35,0.88,6,-1
202,27,385.17,296.02,45.70,47.32,0.85,15,-1
202,28,234.42,402.36,51.71,63.46,0.84,21,-1
203,26,425.71,319.77,62.53,47.44,0.88,6,-1
203,27,385.15,295.95,45.73,47.37,0.85,15,-1
203,28,234.90,402.58,51.91,63.82,0.84,21,-1
204,26,425.71,319.76,62.56,47.50,0.88,6,-1
204,27,385.15,295.93,45.73,47.37,0.85,15,-1
204,28,234.78,403.01,51.57,63.10,0.84,21,-1
205,26,425.70,319.80,62.53,47.44,0.88,6,-1
205,27,385.18,295.91,45.70,47.36,0.85,15,-1
205,28,234.73,403.23,51.46,62.78,0.84,21,-1
206,26,425.66,319.79,62.55,47.48,0.88,6,-1
206,27,385.14,295.87,45.70,47.38,0.85,15,-1
206,28,234.65,403.28,51.43,62.68,0.84,21,-1
207,26,425.49,319.80,62.68,47.51,0.88,6,-1
207,27,385.13,295.84,45.70,47.42,0.85,15,-1
207,28,234.59,403.29,51.47,62.64,0.84,21,-1
208,26,425.39,319.79,62.75,47.54,0.88,6,-1
208,27,385.10,295.83,45.71,47.42,0.85,15,-1
208,28,234.54,403.24,51.50,62.66,0.84,21,-1
209,26,425.26,319.79,62.86,47.58,0.88,6,-1
209,27,385.20,295.91,45.59,47.33,0.85,15,-1
209,28,234.66,403.27,51.38,62.60,0.84,21,-1
210,26,425.20,319.73,62.92,47.64,0.88,6,-1
210,27,385.25,295.97,45.53,47.28,0.85,15,-1
210,28,234.75,403.34,51.30,62.51,0.84,21,-1
211,26,425.23,319.67,62.89,47.68,0.88,6,-1
211,27,385.23,295.97,45.53,47.25,0.84,15,-1
211,28,234.97,402.78,51.89,63.57,0.84,21,-1
212,26,425.30,319.66,62.82,47.67,0.88,6,-1
212,27,385.22,296.00,45.57,47.16,0.84,15,-1
212,28,235.07,402.60,52.09,63.94,0.84,21,-1
213,26,425.34,319.66,62.78,47.68,0.88,6,-1
213,27,385.23,295.98,45.56,47.15,0.84,15,-1
213,28,235.06,402.54,52.20,64.07,0.84,21,-1
214,26,425.36,319.55,62.79,47.79,0.88,6,-1
214,27,385.20,295.94,45.58,47.16,0.84,15,-1
214,28,235.06,402.49,52.24,64.15,0.84,21,-1
215,26,425.35,319.49,62.80,47.85,0.88,6,-1
215,27,385.15,295.91,45.62,47.19,0.84,15,-1
215,28,235.06,402.46,52.25,64.20,0.84,21,-1
216,26,425.33,319.45,62.83,47.91,0.88,6,-1
216,27,385.13,295.88,45.64,47.23,0.84,15,-1
216,28,235.16,402.44,52.21,64.21,0.84,21,-1
217,26,425.36,319.51,62.77,47.84,0.88,6,-1
217,27,385.14,295.92,45.65,47.20,0.84,15,-1
217,28,235.29,402.52,52.11,64.10,0.84,21,-1
218,26,425.39,319.54,62.76,47.81,0.88,6,-1
218,27,385.19,295.99,45.62,47.14,0.84,15,-1
218,28,235.36,402.52,52.07,64.07,0.84,21,-1
219,26,425.36,319.50,62.79,47.83,0.88,6,-1
219,27,385.18,296.02,45.63,47.14,0.84,15,-1
219,28,234.86,401.88,51.99,64.00,0.84,21,-1
220,26,425.35,319.50,62.81,47.83,0.88,6,-1
220,27,385.18,296.04,45.63,47.09,0.84,15,-1
220,28,234.69,401.63,51.95,63.98,0.84,21,-1
221,26,425.31,319.47,62.84,47.85,0.88,6,-1
221,27,385.15,295.99,45.66,47.15,0.84,15,-1
221,28,234.67,402.14,51.95,64.01,0.84,21,-1
222,26,425.21,319.44,62.89,47.86,0.88,6,-1
222,27,385.18,296.01,45.62,47.12,0.84,15,-1
222,28,234.67,401.67,51.94,64.01,0.84,21,-1
223,26,425.17,319.40,62.92,47.90,0.88,6,-1
223,27,385.14,295.99,45.65,47.13,0.84,15,-1
223,28,234.68,401.53,51.93,63.96,0.84,21,-1
224,26,425.19,319.37,62.91,47.91,0.88,6,-1
224,27,385.16,295.97,45.62,47.13,0.84,15,-1
224,28,235.30,401.43,51.98,63.96,0.84,21,-1
225,26,425.17,319.35,62.93,47.89,0.88,6,-1
225,27,385.16,296.04,45.61,47.12,0.84,15,-1
225,28,234.89,401.42,51.97,63.94,0.84,21,-1
226,26,425.20,319.40,62.86,47.82,0.88,6,-1
226,27,385.09,296.01,45.64,47.19,0.84,15,-1
226,28,235.37,401.46,52.00,63.88,0.84,21,-1
227,26,425.25,319.41,62.80,47.79,0.88,6,-1
227,27,385.04,296.00,45.65,47.23,0.84,15,-1
227,28,235.54,401.47,52.03,63.86,0.84,21,-1
228,26,425.23,319.40,62.84,47.81,0.88,6,-1
228,27,385.02,295.99,45.66,47.26,0.84,15,-1
228,28,235.60,401.47,52.04,63.86,0.84,21,-1
229,26,425.22,319.42,62.84,47.80,0.88,6,-1
229,27,385.04,295.99,45.68,47.27,0.84,15,-1
229,28,235.60,401.49,52.05,63.86,0.84,21,-1
230,26,425.27,319.47,62.79,47.72,0.88,6,-1
230,27,385.01,296.00,45.70,47.26,0.84,15,-1
230,28,235.61,401.51,52.05,63.85,0.84,21,-1
231,26,425.15,319.41,62.90,47.80,0.88,6,-1
231,27,385.07,296.01,45.66,47.23,0.84,15,-1
231,28,235.60,401.51,52.05,63.84,0.84,21,-1
232,26,425.08,319.42,62.95,47.82,0.88,6,-1
232,27,385.12,296.06,45.61,47.21,0.84,15,-1
232,28,235.58,401.49,52.07,63.86,0.84,21,-1
233,26,425.09,319.44,62.95,47.82,0.88,6,-1
233,27,385.16,296.09,45.58,47.17,0.84,15,-1
233,28,235.57,401.49,52.08,63.87,0.84,21,-1
234,26,425.06,319.46,62.98,47.82,0.88,6,-1
234,27,385.17,296.07,45.57,47.17,0.84,15,-1
234,28,235.56,401.51,52.07,63.85,0.84,21,-1
235,26,425.12,319.48,62.93,47.79,0.88,6,-1
235,27,385.20,296.07,45.54,47.16,0.84,15,-1
235,28,235.56,401.53,52.07,63.84,0.84,21,-1
236,26,425.15,319.49,62.92,47.78,0.88,6,-1
236,27,385.22,296.06,45.53,47.16,0.84,15,-1
236,28,235.56,401.53,52.07,63.83,0.84,21,-1
237,26,425.15,319.47,62.91,47.77,0.88,6,-1
237,27,385.19,296.05,45.55,47.16,0.84,15,-1
237,28,235.57,401.55,52.06,63.81,0.84,21,-1
238,26,425.17,319.56,62.89,47.69,0.88,6,-1
238,27,385.25,296.11,45.48,47.11,0.84,15,-1
238,28,234.96,401.63,52.00,63.74,0.84,21,-1
239,26,425.20,319.60,62.87,47.66,0.88,6,-1
239,27,385.29,296.15,45.45,47.08,0.84,15,-1
239,28,234.76,401.69,51.95,63.69,0.84,21,-1
240,26,425.21,319.57,62.88,47.68,0.88,6,-1
240,27,385.29,296.17,45.44,47.06,0.84,15,-1
240,28,234.66,401.69,51.95,63.69,0.84,21,-1
241,26,425.21,319.57,62.88,47.69,0.88,6,-1
241,27,385.30,296.16,45.44,47.06,0.84,15,-1
241,28,234.62,401.70,51.95,63.70,0.84,21,-1
242,26,425.21,319.61,62.85,47.64,0.88,6,-1
242,27,385.31,296.19,45.42,47.04,0.84,15,-1
242,28,234.61,401.69,51.96,63.70,0.84,21,-1
243,34,472.03,154.93,31.26,21.01,0.33,3,-1
243,26,425.25,319.67,62.81,47.57,0.88,6,-1
243,27,385.29,296.21,45.43,47.01,0.84,15,-1
243,28,234.65,401.74,51.92,63.65,0.84,21,-1
244,34,471.01,155.37,31.17,21.28,0.45,3,-1
244,26,425.17,319.69,62.87,47.57,0.88,6,-1
244,27,385.27,296.20,45.44,47.02,0.84,15,-1
244,28,234.65,401.75,51.93,63.63,0.84,21,-1
245,34,470.26,155.55,31.59,21.32,0.48,3,-1
245,26,425.20,319.75,62.84,47.50,0.88,6,-1
245,27,385.27,296.22,45.43,47.00,0.84,15,-1
245,28,234.64,401.76,51.93,63.63,0.84,21,-1
246,34,469.94,156.49,32.28,20.70,0.50,3,-1
246,26,425.20,319.78,62.84,47.49,0.88,6,-1
246,27,385.28,296.24,45.42,46.99,0.84,15,-1
246,28,234.63,401.75,51.95,63.64,0.84,21,-1
247,34,469.95,157.16,31.36,20.31,0.67,3,-1
247,26,425.22,319.80,62.82,47.46,0.88,6,-1
247,27,385.28,296.24,45.42,46.99,0.84,15,-1
247,28,235.27,401.72,51.98,63.66,0.84,21,-1
248,34,469.31,157.05,30.09,20.03,0.68,3,-1
248,26,425.26,319.80,62.79,47.46,0.88,6,-1
248,27,385.28,296.24,45.42,46.99,0.84,15,-1
248,28,235.49,401.68,52.01,63.70,0.84,21,-1
249,34,469.42,157.33,28.87,19.54,0.57,3,-1
249,26,425.27,319.80,62.78,47.44,0.88,6,-1
249,27,385.29,296.24,45.42,46.97,0.84,15,-1
249,28,234.94,401.71,51.99,63.67,0.84,21,-1
250,34,469.59,157.73,28.59,19.20,0.78,3,-1
250,26,424.69,319.65,62.99,48.37,0.88,6,-1
250,27,385.33,295.86,45.04,47.09,0.84,15,-1
250,28,235.22,402.29,51.23,62.54,0.84,21,-1
251,34,469.34,157.89,28.72,19.74,0.76,3,-1
251,26,424.47,319.54,63.09,48.81,0.88,6,-1
251,27,385.34,295.70,44.90,47.15,0.84,15,-1
251,28,235.25,403.10,51.02,62.21,0.84,21,-1
252,34,468.90,158.01,29.01,20.01,0.75,3,-1
252,26,424.41,319.49,63.12,48.97,0.88,6,-1
252,27,385.34,295.64,44.86,47.17,0.84,15,-1
252,28,235.25,403.39,50.95,62.10,0.84,21,-1
253,34,468.60,158.37,28.86,19.59,0.75,3,-1
253,26,424.43,319.45,63.10,49.05,0.88,6,-1
253,27,385.32,295.60,44.86,47.19,0.84,15,-1
253,28,235.24,403.48,50.94,62.07,0.84,21,-1
254,34,468.02,158.67,29.33,19.65,0.75,3,-1
254,26,424.44,319.46,63.10,49.05,0.88,6,-1
254,27,385.33,295.60,44.85,47.19,0.84,15,-1
254,28,235.25,403.57,50.93,62.04,0.84,21,-1
255,34,467.70,159.32,29.67,20.01,0.73,3,-1
255,26,424.40,319.43,63.13,49.08,0.88,6,-1
255,27,385.32,295.60,44.86,47.20,0.84,15,-1
255,28,235.24,403.59,50.94,62.04,0.84,21,-1
256,34,467.82,159.55,29.59,20.29,0.71,3,-1
256,26,424.42,319.45,63.11,49.06,0.88,6,-1
256,27,385.33,295.61,44.85,47.20,0.84,15,-1
256,28,235.25,403.60,50.93,62.04,0.84,21,-1
257,34,467.66,159.79,29.62,20.30,0.66,3,-1
257,26,424.40,319.45,63.13,49.07,0.88,6,-1
257,27,385.32,295.60,44.86,47.21,0.84,15,-1
257,28,235.26,403.59,50.94,62.05,0.84,21,-1
258,34,467.76,159.84,29.46,20.26,0.65,3,-1
258,26,424.42,319.45,63.11,49.03,0.88,6,-1
258,27,385.31,295.60,44.88,47.20,0.84,15,-1
258,28,235.25,403.58,50.95,62.06,0.84,21,-1
259,34,468.18,159.62,29.40,20.25,0.76,3,-1
259,26,424.41,319.46,63.12,49.01,0.88,6,-1
259,27,385.29,295.61,44.89,47.20,0.84,15,-1
259,28,235.25,403.57,50.95,62.07,0.84,21,-1
260,34,469.11,159.45,29.93,19.35,0.78,3,-1
260,26,424.38,319.46,63.14,49.02,0.88,6,-1
260,27,385.29,295.61,44.89,47.21,0.84,15,-1
260,28,235.26,403.52,50.96,62.13,0.84,21,-1
261,34,469.69,157.72,30.30,20.73,0.80,3,-1
261,26,424.35,319.45,63.17,49.03,0.88,6,-1
261,27,385.30,295.62,44.89,47.20,0.84,15,-1
261,28,235.27,403.51,50.95,62.15,0.84,21,-1
262,34,470.05,156.57,31.45,21.75,0.84,3,-1
262,26,424.28,319.42,63.22,49.05,0.88,6,-1
262,27,385.31,295.61,44.88,47.20,0.84,15,-1
262,28,235.28,403.51,50.94,62.16,0.84,21,-1
263,34,470.95,154.27,31.71,22.87,0.82,3,-1
263,26,424.23,319.42,63.25,49.06,0.88,6,-1
263,27,385.22,295.62,45.73,47.18,0.84,15,-1
263,28,235.28,403.50,50.95,62.17,0.84,21,-1
264,34,472.93,153.19,30.73,23.88,0.82,3,-1
264,26,424.18,319.39,63.29,49.09,0.88,6,-1
264,27,385.18,295.60,46.06,47.19,0.84,15,-1
264,28,235.27,403.49,50.95,62.17,0.84,21,-1
265,34,473.52,151.59,32.09,25.09,0.82,3,-1
265,26,424.22,319.39,63.28,49.09,0.88,6,-1
265,27,385.17,295.61,46.19,47.19,0.84,15,-1
265,28,235.28,403.51,50.94,62.15,0.84,21,-1
266,34,473.89,150.21,32.97,25.83,0.82,3,-1
266,26,424.22,319.36,63.28,49.11,0.88,6,-1
266,27,385.21,295.63,45.42,47.20,0.84,15,-1
266,28,235.27,403.50,50.95,62.16,0.84,21,-1
267,34,474.25,149.54,33.37,26.60,0.84,3,-1
267,26,424.19,319.32,63.32,49.16,0.88,6,-1
267,27,385.17,295.62,45.96,47.19,0.84,15,-1
267,28,235.26,403.50,50.96,62.16,0.84,21,-1
268,34,475.32,148.14,34.16,27.26,0.85,3,-1
268,26,424.13,319.26,63.35,49.21,0.88,6,-1
268,27,385.11,295.58,46.20,47.23,0.84,15,-1
268,28,235.21,403.46,51.00,62.20,0.84,21,-1
269,34,476.06,147.16,34.67,28.35,0.85,3,-1
269,26,424.08,319.25,63.38,49.23,0.88,6,-1
269,27,385.11,295.60,46.27,47.22,0.84,15,-1
269,28,235.22,403.47,50.99,62.19,0.84,21,-1
270,34,476.89,146.26,34.58,28.98,0.85,3,-1
270,26,424.08,319.24,63.38,49.24,0.88,6,-1
270,27,385.10,295.60,46.30,47.22,0.84,15,-1
270,28,235.21,403.45,51.00,62.20,0.84,21,-1
271,34,477.30,145.32,34.99,29.39,0.85,3,-1
271,26,424.10,319.26,63.37,49.22,0.88,6,-1
271,27,385.11,295.63,46.29,47.20,0.84,15,-1
271,28,235.20,403.45,51.01,62.20,0.84,21,-1
272,34,478.39,144.68,34.64,29.03,0.85,3,-1
272,26,424.15,319.31,63.33,49.17,0.88,6,-1
272,27,385.14,295.67,46.27,47.19,0.84,15,-1
272,28,235.21,403.45,51.01,62.20,0.84,21,-1
273,34,480.35,142.79,36.13,30.15,0.84,3,-1
273,26,424.26,319.37,63.23,49.10,0.88,6,-1
273,27,385.22,295.74,46.19,47.13,0.84,15,-1
273,28,235.21,403.54,51.01,62.15,0.84,21,-1
274,34,482.14,141.40,36.67,30.08,0.85,3,-1
274,26,424.29,319.40,63.20,49.07,0.88,6,-1
274,27,385.26,295.80,46.15,47.07,0.84,15,-1
274,28,235.21,403.59,51.01,62.11,0.84,21,-1
275,34,484.18,140.94,36.67,30.29,0.86,3,-1
275,26,424.32,319.45,63.17,49.00,0.88,6,-1
275,27,385.29,295.85,46.11,47.02,0.84,15,-1
275,28,235.22,403.62,51.00,62.09,0.84,21,-1
276,34,485.64,138.36,36.11,32.84,0.85,3,-1
276,26,424.37,319.47,63.14,48.99,0.88,6,-1
276,27,385.29,295.83,46.11,47.03,0.84,15,-1
276,28,235.20,403.62,51.02,62.09,0.84,21,-1
277,34,487.80,137.03,36.54,34.03,0.85,3,-1
277,26,424.41,319.49,63.10,48.94,0.88,6,-1
277,27,385.31,295.88,45.27,47.02,0.84,15,-1
277,28,235.21,403.63,51.02,62.08,0.84,21,-1
278,34,489.97,135.91,35.85,34.46,0.86,3,-1
278,26,424.40,319.50,63.10,48.91,0.88,6,-1
278,27,385.32,295.89,44.95,47.06,0.84,15,-1
278,28,235.24,403.06,50.96,61.99,0.84,21,-1
279,34,491.36,134.72,35.18,34.22,0.86,3,-1
279,26,424.44,319.47,63.09,48.93,0.88,6,-1
279,27,385.30,295.86,44.88,47.09,0.84,15,-1
279,28,235.24,402.82,50.96,61.99,0.84,21,-1
280,34,492.25,133.93,35.43,34.20,0.87,3,-1
280,26,424.46,319.46,63.09,48.94,0.88,6,-1
280,27,385.28,295.84,44.86,47.11,0.84,15,-1
280,28,235.17,403.35,51.01,62.03,0.84,21,-1
281,34,493.79,133.37,35.08,34.10,0.87,3,-1
281,26,424.46,319.47,63.08,48.93,0.88,6,-1
281,27,385.28,295.85,44.85,47.10,0.84,15,-1
281,28,235.17,403.57,51.00,62.02,0.84,21,-1
282,34,494.50,132.87,35.39,34.87,0.86,3,-1
282,26,424.47,319.49,63.06,48.90,0.88,6,-1
282,27,385.28,295.85,44.86,47.09,0.84,15,-1
282,28,235.15,403.60,51.03,62.08,0.84,21,-1
283,34,495.68,132.54,35.45,35.08,0.86,3,-1
283,26,424.45,319.49,63.08,48.90,0.88,6,-1
283,27,385.28,295.84,44.86,47.09,0.84,15,-1
283,28,235.14,403.60,51.04,62.10,0.84,21,-1
284,34,496.28,132.36,35.68,35.15,0.86,3,-1
284,26,424.42,319.47,63.11,48.91,0.88,6,-1
284,27,385.24,295.80,44.90,47.14,0.84,15,-1
284,28,235.09,403.59,51.09,62.13,0.84,21,-1
285,34,497.01,132.48,35.46,34.97,0.84,3,-1
285,26,424.38,319.44,63.14,48.93,0.88,6,-1
285,27,385.16,295.74,45.76,47.17,0.84,15,-1
285,28,235.03,403.57,51.14,62.16,0.84,21,-1
286,34,497.67,132.34,35.68,34.85,0.84,3,-1
286,26,424.36,319.41,63.17,48.93,0.88,6,-1
286,27,385.15,295.70,45.31,47.22,0.84,15,-1
286,28,234.98,403.56,51.19,62.17,0.84,21,-1
287,34,498.16,132.75,35.66,34.44,0.84,3,-1
287,26,424.34,319.39,63.20,48.96,0.88,6,-1
287,27,385.19,295.65,45.12,47.26,0.84,15,-1
287,28,234.96,403.56,51.20,62.17,0.84,21,-1
288,34,499.03,133.64,35.50,33.12,0.82,3,-1
288,26,424.29,319.38,63.25,48.99,0.88,6,-1
288,27,385.22,295.64,45.03,47.26,0.84,15,-1
288,28,235.13,403.57,51.04,62.14,0.84,21,-1
289,34,499.95,133.67,36.10,32.64,0.84,3,-1
289,26,424.29,319.37,63.24,48.99,0.88,6,-1
289,27,385.27,295.61,44.95,47.25,0.84,15,-1
289,28,235.24,403.64,50.93,62.10,0.84,21,-1
290,34,500.39,133.73,35.75,32.51,0.84,3,-1
290,26,424.24,319.34,63.27,49.05,0.88,6,-1
290,27,385.31,295.61,44.89,47.23,0.84,15,-1
290,28,235.30,403.71,50.87,62.05,0.84,21,-1
291,34,501.21,132.85,35.26,32.80,0.84,3,-1
291,26,424.23,319.32,63.26,49.06,0.88,6,-1
291,27,385.32,295.59,44.87,47.24,0.84,15,-1
291,28,235.31,403.10,50.84,62.00,0.84,21,-1
292,34,502.09,132.37,34.21,31.87,0.85,3,-1
292,26,424.31,319.34,63.20,49.03,0.88,6,-1
292,27,385.27,295.60,44.92,47.23,0.84,15,-1
292,28,235.29,403.50,50.85,62.00,0.84,21,-1
293,34,504.51,131.03,32.71,32.59,0.81,3,-1
293,26,424.32,319.33,63.18,49.02,0.88,6,-1
293,27,385.21,295.56,44.97,47.23,0.84,15,-1
293,28,235.30,403.64,50.85,62.00,0.84,21,-1
294,34,505.98,129.32,32.67,33.36,0.82,3,-1
294,26,424.31,319.33,63.19,49.01,0.88,6,-1
294,27,385.16,295.52,45.01,47.26,0.84,15,-1
294,28,234.97,402.59,51.32,63.01,0.84,21,-1
295,34,506.96,128.21,32.56,33.78,0.81,3,-1
295,26,424.30,319.31,63.21,49.03,0.88,6,-1
295,27,385.12,295.50,45.04,47.29,0.84,15,-1
295,28,235.14,402.73,51.14,62.32,0.84,21,-1
296,34,507.91,128.18,32.39,34.08,0.64,3,-1
296,26,424.27,319.34,63.23,48.98,0.88,6,-1
296,27,385.13,295.51,45.03,47.28,0.84,15,-1
296,28,235.23,402.78,51.07,62.06,0.84,21,-1
297,26,424.29,319.36,63.22,48.93,0.88,6,-1
297,27,385.13,295.51,45.03,47.29,0.84,15,-1
297,28,235.20,402.79,51.10,62.00,0.84,21,-1
298,34,507.76,123.81,34.41,36.62,0.34,3,-1
298,26,424.23,319.31,63.21,48.96,0.88,6,-1
298,27,385.08,295.47,45.06,47.32,0.84,15,-1
298,28,235.24,403.20,51.20,62.59,0.84,21,-1
299,26,424.20,319.29,63.19,48.96,0.88,6,-1
299,27,385.05,295.41,45.08,47.41,0.84,15,-1
299,28,235.20,403.33,51.27,62.82,0.84,21,-1
300,34,509.52,123.92,31.87,34.90,0.31,3,-1
300,26,424.14,319.81,63.51,48.71,0.87,6,-1
300,27,385.72,295.49,44.49,47.40,0.84,15,-1
300,28,233.95,402.75,52.41,62.93,0.83,21,-1
301,34,510.68,124.09,29.86,32.80,0.51,3,-1
301,26,424.18,320.05,63.57,48.57,0.87,6,-1
301,27,386.02,295.56,44.22,47.37,0.84,15,-1
301,28,233.52,402.55,52.80,62.94,0.83,21,-1
302,34,510.99,124.79,29.43,31.29,0.21,3,-1
302,26,424.15,320.10,63.65,48.57,0.87,6,-1
302,27,386.12,295.59,44.13,47.37,0.84,15,-1
302,28,233.35,402.50,52.96,62.92,0.83,21,-1
303,34,513.88,125.16,27.42,30.48,0.67,3,-1
303,26,424.13,320.12,63.71,48.56,0.87,6,-1
303,27,386.15,295.58,44.10,47.38,0.84,15,-1
303,28,233.24,402.46,53.11,62.93,0.83,21,-1
304,34,516.48,124.01,26.48,29.78,0.73,3,-1
304,26,424.10,320.10,63.74,48.58,0.87,6,-1
304,27,386.15,295.57,44.11,47.39,0.84,15,-1
304,28,233.28,402.47,53.13,62.90,0.83,21,-1
305,34,518.37,122.94,25.96,29.38,0.36,3,-1
305,26,424.06,320.04,63.81,48.67,0.87,6,-1
305,27,386.14,295.54,44.12,47.40,0.84,15,-1
305,28,233.31,402.75,53.09,62.72,0.83,21,-1
306,34,518.75,123.53,24.98,28.49,0.38,3,-1
306,26,424.02,320.02,63.85,48.70,0.87,6,-1
306,27,386.12,295.52,44.13,47.42,0.84,15,-1
306,28,233.29,402.72,53.09,62.75,0.83,21,-1
307,26,423.93,319.99,63.93,48.71,0.87,6,-1
307,27,386.10,295.48,44.16,47.45,0.84,15,-1
307,28,233.27,402.67,53.10,62.80,0.83,21,-1
308,26,423.87,319.95,63.98,48.76,0.87,6,-1
308,27,386.06,295.46,44.20,47.48,0.84,15,-1
308,28,233.34,402.76,53.06,62.72,0.83,21,-1
309,26,423.83,319.91,64.01,48.79,0.87,6,-1
309,27,386.05,295.48,44.19,47.46,0.84,15,-1
309,28,233.33,402.71,53.09,62.77,0.83,21,-1
310,26,424.43,319.87,64.08,48.84,0.87,6,-1
310,27,386.04,295.47,44.20,47.45,0.84,15,-1
310,28,233.34,402.72,53.11,62.77,0.83,21,-1
311,34,522.51,118.08,25.08,29.89,0.29,3,-1
311,26,424.70,319.88,64.07,48.83,0.87,6,-1
311,27,386.05,295.49,44.19,47.44,0.84,15,-1
311,28,233.40,402.77,53.04,62.73,0.83,21,-1
312,34,522.28,113.86,27.17,32.66,0.27,3,-1
312,26,424.79,319.87,64.06,48.84,0.87,6,-1
312,27,386.04,295.48,44.20,47.44,0.84,15,-1
312,28,233.44,402.87,52.98,62.66,0.83,21,-1
313,34,522.94,113.46,26.94,32.76,0.56,3,-1
313,26,424.78,319.84,64.10,48.88,0.87,6,-1
313,27,386.03,295.47,44.21,47.46,0.84,15,-1
313,28,233.44,402.97,52.96,62.59,0.83,21,-1
314,34,521.98,109.66,28.88,36.63,0.75,3,-1
314,26,424.73,319.84,64.13,48.91,0.87,6,-1
314,27,386.03,295.48,44.22,47.45,0.84,15,-1
314,28,233.46,403.01,52.93,62.55,0.83,21,-1
315,34,521.88,104.06,31.66,41.37,0.72,3,-1
315,26,424.74,319.86,64.12,48.90,0.87,6,-1
315,27,386.03,295.49,44.26,47.45,0.84,15,-1
315,28,233.49,403.11,52.89,62.49,0.83,21,-1
316,34,521.38,100.86,33.82,44.41,0.81,3,-1
316,26,424.73,319.86,64.13,48.91,0.87,6,-1
316,27,386.02,295.48,44.28,47.45,0.84,15,-1
316,28,233.46,403.11,52.92,62.49,0.83,21,-1
317,34,521.38,98.79,35.51,46.84,0.81,3,-1
317,26,424.68,319.82,64.17,48.96,0.87,6,-1
317,27,386.01,295.45,44.29,47.47,0.84,15,-1
317,28,233.44,403.13,52.95,62.49,0.83,21,-1
318,34,521.82,96.93,36.19,49.55,0.83,3,-1
318,26,424.66,319.82,64.20,48.97,0.87,6,-1
318,27,386.03,295.47,44.28,47.46,0.84,15,-1
318,28,233.49,403.29,52.87,62.40,0.83,21,-1
319,34,521.59,95.76,36.37,51.62,0.82,3,-1
319,26,424.66,319.84,64.19,48.96,0.87,6,-1
319,27,386.05,295.48,44.26,47.46,0.84,15,-1
319,28,233.58,403.37,52.79,62.37,0.83,21,-1
320,34,520.92,94.97,37.27,53.25,0.81,3,-1
320,26,424.61,319.76,64.24,49.06,0.87,6,-1
320,27,386.01,295.45,44.29,47.49,0.84,15,-1
320,28,233.58,403.31,52.82,62.42,0.83,21,-1
321,34,520.61,98.07,36.95,51.54,0.84,3,-1
321,26,424.58,319.74,64.26,49.10,0.87,6,-1
321,27,385.99,295.45,44.30,47.49,0.84,15,-1
321,28,233.64,403.22,52.81,62.48,0.83,21,-1
322,34,520.05,100.84,36.33,49.96,0.83,3,-1
322,26,424.58,319.73,64.25,49.10,0.87,6,-1
322,27,385.95,295.42,44.34,47.52,0.84,15,-1
322,28,233.66,403.24,52.80,62.46,0.83,21,-1
323,34,518.05,101.20,36.98,49.75,0.84,3,-1
323,26,424.54,319.70,64.28,49.13,0.87,6,-1
323,27,385.91,295.40,44.38,47.53,0.84,15,-1
323,28,233.76,403.25,52.75,62.41,0.83,21,-1
324,34,516.49,101.03,38.27,50.67,0.85,3,-1
324,26,424.46,320.02,64.18,48.71,0.87,6,-1
324,27,385.92,295.41,44.37,47.52,0.84,15,-1
324,28,233.75,403.24,52.76,62.42,0.83,21,-1
325,34,515.26,100.86,38.63,51.45,0.84,3,-1
325,26,424.57,319.86,64.18,48.91,0.87,6,-1
325,27,385.91,295.42,44.37,47.50,0.84,15,-1
325,28,233.75,403.14,52.79,62.50,0.83,21,-1
326,34,513.70,101.08,38.95,52.33,0.83,3,-1
326,26,424.61,319.79,64.18,49.01,0.87,6,-1
326,27,385.90,295.40,44.40,47.52,0.84,15,-1
326,28,233.74,402.93,52.83,62.66,0.83,21,-1
327,34,511.90,100.29,39.70,54.04,0.85,3,-1
327,26,423.94,320.14,64.02,48.54,0.87,6,-1
327,27,385.90,295.41,44.40,47.51,0.84,15,-1
327,28,233.74,402.87,52.84,62.70,0.83,21,-1
328,34,510.33,98.29,40.92,57.68,0.87,3,-1
328,26,423.69,320.30,63.94,48.34,0.87,6,-1
328,27,385.90,295.42,44.39,47.51,0.84,15,-1
328,28,233.71,402.70,52.87,62.83,0.83,21,-1
329,34,508.90,98.31,41.67,58.04,0.87,3,-1
329,26,424.29,319.99,64.06,48.75,0.87,6,-1
329,27,385.87,295.39,44.42,47.54,0.84,15,-1
329,28,233.65,402.60,52.91,62.91,0.83,21,-1
330,34,507.89,99.01,42.13,57.80,0.86,3,-1
330,26,424.55,319.93,64.05,48.82,0.87,6,-1
330,27,385.89,295.42,44.39,47.52,0.84,15,-1
330,28,233.55,402.49,52.97,62.99,0.83,21,-1
331,34,506.67,100.22,42.22,57.14,0.85,3,-1
331,26,424.67,319.95,64.02,48.79,0.87,6,-1
331,27,385.95,295.47,44.34,47.46,0.84,15,-1
331,28,233.78,402.52,52.75,62.93,0.83,21,-1
332,34,506.10,100.75,42.63,56.77,0.86,3,-1
332,26,424.70,319.95,64.01,48.78,0.87,6,-1
332,27,385.99,295.50,44.31,47.42,0.84,15,-1
332,28,233.91,402.61,52.60,62.86,0.83,21,-1
333,34,505.62,99.69,42.59,58.71,0.85,3,-1
333,26,424.14,320.01,63.91,48.70,0.87,6,-1
333,27,385.61,295.54,44.80,47.34,0.84,15,-1
333,28,234.14,402.69,52.39,62.75,0.83,21,-1
334,34,505.37,99.73,42.38,59.47,0.86,3,-1
334,26,423.95,320.06,63.84,48.63,0.87,6,-1
334,27,385.47,295.55,44.99,47.31,0.84,15,-1
334,28,234.15,402.71,52.35,62.73,0.83,21,-1
335,34,505.00,101.14,42.35,59.05,0.85,3,-1
335,26,423.86,320.05,63.83,48.63,0.87,6,-1
335,27,385.42,295.55,45.06,47.30,0.84,15,-1
335,28,234.22,402.83,52.29,62.64,0.83,21,-1
336,34,504.56,100.98,42.58,59.96,0.86,3,-1
336,26,423.88,320.09,63.79,48.58,0.87,6,-1
336,27,385.84,295.55,44.56,47.34,0.84,15,-1
336,28,234.15,402.85,52.34,62.65,0.83,21,-1
337,34,504.03,100.62,42.95,59.85,0.85,3,-1
337,26,423.91,320.13,63.77,48.53,0.87,6,-1
337,27,386.00,295.56,44.36,47.34,0.84,15,-1
337,28,234.26,402.67,52.33,62.69,0.84,21,-1
338,34,504.38,100.23,43.85,60.55,0.85,3,-1
338,26,423.95,320.16,63.72,48.48,0.87,6,-1
338,27,385.66,295.55,44.79,47.30,0.84,15,-1
338,28,234.25,402.51,52.38,62.81,0.84,21,-1
339,34,504.41,100.73,43.75,59.84,0.85,3,-1
339,26,424.05,320.19,63.60,48.42,0.87,6,-1
339,27,385.56,295.60,44.91,47.21,0.84,15,-1
339,28,234.30,402.59,52.32,62.72,0.84,21,-1
340,34,504.97,101.53,43.15,58.50,0.84,3,-1
340,26,424.07,320.20,63.59,48.42,0.87,6,-1
340,27,385.53,295.60,44.98,47.21,0.84,15,-1
340,28,234.38,402.45,52.29,62.78,0.84,21,-1
341,34,505.10,101.63,43.00,57.57,0.84,3,-1
341,26,424.06,320.20,63.60,48.42,0.87,6,-1
341,27,385.51,295.58,45.01,47.22,0.84,15,-1
341,28,234.49,402.52,52.21,62.69,0.84,21,-1
342,34,505.18,102.13,42.29,55.02,0.85,3,-1
342,26,424.05,320.16,63.62,48.45,0.87,6,-1
342,27,385.48,295.55,45.05,47.24,0.84,15,-1
342,28,234.41,402.36,52.29,62.80,0.84,21,-1
343,34,507.24,100.29,41.66,56.02,0.85,3,-1
343,26,424.01,320.11,63.71,48.52,0.87,6,-1
343,27,385.86,295.51,44.56,47.36,0.84,15,-1
343,28,234.09,402.24,52.54,62.90,0.84,21,-1
344,34,509.51,100.33,40.43,55.01,0.85,3,-1
344,26,424.04,320.08,63.73,48.57,0.87,6,-1
344,27,385.97,295.46,44.42,47.42,0.84,15,-1
344,28,233.73,402.15,52.84,62.99,0.84,21,-1
345,34,511.87,99.54,39.67,54.57,0.85,3,-1
345,26,424.05,320.05,63.74,48.64,0.87,6,-1
345,27,386.04,295.48,44.33,47.42,0.84,15,-1
345,28,233.03,402.29,53.30,63.00,0.84,21,-1
346,34,513.70,98.66,40.20,54.28,0.85,3,-1
346,26,424.11,320.06,63.70,48.64,0.87,6,-1
346,27,386.06,295.51,44.29,47.42,0.84,15,-1
346,28,232.95,402.41,53.34,62.90,0.84,21,-1
347,34,515.13,97.12,40.41,53.67,0.85,3,-1
347,26,424.16,320.38,63.51,48.24,0.87,6,-1
347,27,386.10,295.54,44.24,47.41,0.84,15,-1
347,28,232.67,402.52,53.56,62.75,0.84,21,-1
348,34,518.23,96.12,39.05,52.86,0.85,3,-1
348,26,424.19,319.88,63.41,48.06,0.87,6,-1
348,27,386.10,295.59,44.20,47.37,0.84,15,-1
348,28,232.66,402.57,53.60,62.73,0.84,21,-1
349,34,520.26,95.54,38.39,51.37,0.85,3,-1
349,26,424.19,320.34,63.38,48.02,0.87,6,-1
349,27,386.09,295.61,44.20,47.36,0.84,15,-1
349,28,232.69,402.17,53.65,62.91,0.84,21,-1
350,34,521.40,95.01,38.61,50.61,0.85,3,-1
350,26,425.51,320.29,62.80,48.03,0.88,6,-1
350,27,386.34,295.25,44.53,47.60,0.86,15,-1
350,28,234.28,401.24,54.24,62.65,0.84,21,-1
351,34,521.57,93.16,39.38,51.98,0.84,3,-1
351,26,426.02,320.25,62.57,48.06,0.88,6,-1
351,27,386.43,295.11,44.67,47.69,0.86,15,-1
351,28,234.76,400.86,54.54,62.67,0.84,21,-1
352,34,522.72,91.66,39.46,51.77,0.85,3,-1
352,26,426.20,320.23,62.50,48.08,0.88,6,-1
352,27,386.45,295.06,44.73,47.73,0.86,15,-1
352,28,235.37,401.09,54.35,62.32,0.84,21,-1
353,34,524.51,89.98,39.73,51.71,0.85,3,-1
353,26,426.26,320.20,62.49,48.13,0.88,6,-1
353,27,386.47,295.05,44.74,47.73,0.86,15,-1
353,28,235.20,400.99,54.58,62.32,0.84,21,-1
354,34,525.94,88.91,39.70,51.64,0.85,3,-1
354,26,426.30,320.21,62.45,48.13,0.88,6,-1
354,27,386.49,295.08,44.72,47.70,0.86,15,-1
354,28,235.10,400.82,54.73,62.36,0.84,21,-1
355,34,527.54,88.86,39.49,51.86,0.84,3,-1
355,26,426.29,320.21,62.45,48.14,0.88,6,-1
355,27,386.50,295.09,44.71,47.69,0.86,15,-1
355,28,235.22,400.84,54.64,62.21,0.84,21,-1
356,34,528.52,88.60,39.26,52.01,0.85,3,-1
356,26,426.27,320.22,62.44,48.12,0.88,6,-1
356,27,386.49,295.08,44.72,47.70,0.86,15,-1
356,28,235.22,400.88,54.62,62.14,0.84,21,-1
357,34,529.48,88.30,38.57,51.32,0.85,3,-1
357,26,426.21,320.21,62.48,48.13,0.88,6,-1
357,27,386.47,295.07,44.73,47.73,0.86,15,-1
357,28,235.36,400.87,54.44,62.09,0.85,21,-1
358,34,530.36,88.04,38.85,51.19,0.85,3,-1
358,26,426.14,320.23,62.51,48.12,0.88,6,-1
358,27,386.48,295.03,44.69,47.76,0.86,15,-1
358,28,235.24,400.60,53.86,61.73,0.84,21,-1
359,34,531.26,87.84,38.99,51.28,0.84,3,-1
359,26,426.17,320.21,62.46,48.13,0.88,6,-1
359,27,386.47,295.00,44.69,47.79,0.86,15,-1
359,28,236.16,400.96,53.05,61.07,0.84,21,-1
360,34,532.10,87.26,39.64,51.59,0.85,3,-1
360,26,426.19,320.20,62.42,48.14,0.88,6,-1
360,27,386.46,294.98,44.70,47.80,0.86,15,-1
360,28,235.49,401.03,53.31,61.14,0.84,21,-1
361,34,532.03,86.88,40.67,51.57,0.85,3,-1
361,26,426.24,320.23,62.35,48.09,0.88,6,-1
361,27,386.43,295.00,44.70,47.79,0.86,15,-1
361,28,235.24,401.06,53.32,61.16,0.84,21,-1
362,34,532.25,87.10,40.92,51.87,0.84,3,-1
362,26,426.38,319.68,62.17,47.93,0.88,6,-1
362,27,386.48,295.06,44.66,47.73,0.86,15,-1
362,28,234.69,400.87,53.62,61.39,0.84,21,-1
363,34,533.05,87.69,40.72,51.18,0.86,3,-1
363,26,426.47,319.49,62.06,47.84,0.88,6,-1
363,27,386.50,295.09,44.62,47.69,0.86,15,-1
363,28,235.40,401.23,53.11,61.14,0.85,21,-1
364,34,533.67,87.58,40.46,51.35,0.85,3,-1
364,26,426.23,319.66,62.16,48.32,0.88,6,-1
364,27,386.42,295.09,44.66,47.68,0.86,15,-1
364,28,235.84,401.54,52.76,60.84,0.84,21,-1
365,34,533.91,87.86,40.46,51.96,0.85,3,-1
365,26,426.09,319.70,62.24,48.53,0.88,6,-1
365,27,386.35,295.07,44.72,47.70,0.86,15,-1
365,28,236.01,401.82,52.63,60.66,0.84,21,-1
366,34,533.43,87.96,40.75,52.62,0.85,3,-1
366,26,426.04,319.73,62.28,48.60,0.88,6,-1
366,27,386.34,295.10,44.72,47.66,0.86,15,-1
366,28,235.81,401.81,52.78,60.68,0.84,21,-1
367,34,533.31,88.51,40.83,52.58,0.85,3,-1
367,26,426.08,319.78,62.24,48.58,0.88,6,-1
367,27,386.34,295.12,44.72,47.63,0.86,15,-1
367,36,159.22,355.96,101.64,56.08,0.79,17,-1
367,28,235.32,401.59,53.08,60.82,0.84,21,-1
368,34,533.71,88.19,40.68,52.09,0.85,3,-1
368,26,426.03,319.79,62.28,48.58,0.88,6,-1
368,27,386.35,295.14,44.71,47.62,0.86,15,-1
368,36,149.50,344.45,113.26,57.02,0.82,17,-1
368,28,235.06,401.28,53.33,60.94,0.84,21,-1
369,34,533.87,88.21,40.44,52.58,0.85,3,-1
369,26,425.97,319.80,62.41,48.59,0.88,6,-1
369,27,386.28,295.12,44.74,47.66,0.86,15,-1
369,36,148.69,337.15,116.33,59.09,0.84,17,-1
369,28,235.27,401.26,53.29,60.92,0.84,21,-1
370,34,533.56,87.99,40.81,52.79,0.85,3,-1
370,26,425.86,319.82,62.52,48.56,0.88,6,-1
370,27,386.27,295.15,44.75,47.62,0.86,15,-1
370,36,147.61,330.36,115.93,57.89,0.80,17,-1
370,28,235.65,401.54,53.01,60.75,0.84,21,-1
371,34,533.73,87.95,40.96,52.66,0.85,3,-1
371,26,425.76,319.80,62.64,48.60,0.88,6,-1
371,27,386.41,295.09,44.66,47.64,0.86,15,-1
371,36,152.80,324.57,112.76,58.02,0.83,17,-1
371,28,235.97,401.63,52.82,60.66,0.85,21,-1
372,34,535.14,88.22,40.43,51.47,0.85,3,-1
372,26,425.75,319.79,62.64,48.61,0.88,6,-1
372,27,386.47,295.06,44.62,47.65,0.86,15,-1
372,36,158.96,316.15,115.84,63.29,0.87,17,-1
372,28,236.33,401.71,52.55,60.67,0.84,21,-1
373,34,536.03,88.98,39.78,50.49,0.85,3,-1
373,26,425.89,319.87,62.51,48.49,0.88,6,-1
373,27,386.53,295.09,44.57,47.59,0.86,15,-1
373,36,176.06,302.27,105.38,65.65,0.78,17,-1
373,28,236.77,401.89,52.17,60.56,0.84,21,-1
374,34,538.01,89.18,38.96,49.25,0.85,3,-1
374,26,425.92,319.84,62.46,48.51,0.88,6,-1
374,27,386.49,295.08,44.64,47.59,0.86,15,-1
374,36,178.37,288.34,112.08,62.37,0.82,17,-1
374,28,236.48,401.87,51.92,60.66,0.84,21,-1
375,34,539.61,88.81,39.22,48.10,0.85,3,-1
375,26,425.99,319.82,62.37,48.48,0.88,6,-1
375,27,386.48,295.07,44.66,47.56,0.86,15,-1
375,36,179.93,272.97,116.26,64.96,0.88,17,-1
375,28,236.45,401.82,51.79,60.78,0.83,21,-1
376,34,541.69,88.06,39.66,47.77,0.85,3,-1
376,26,425.99,319.79,62.44,48.50,0.88,6,-1
376,27,386.49,295.10,44.63,47.53,0.86,15,-1
376,36,185.26,257.85,119.60,69.05,0.88,17,-1
376,28,236.69,401.58,52.05,61.19,0.83,21,-1
377,34,544.56,88.31,39.31,47.07,0.87,3,-1
377,26,425.86,319.79,62.61,48.51,0.88,6,-1
377,27,386.47,295.09,44.64,47.52,0.86,15,-1
377,36,197.83,239.21,117.27,70.33,0.90,17,-1
377,28,236.77,401.50,52.22,61.35,0.83,21,-1
378,34,549.27,89.20,39.33,46.79,0.86,3,-1
378,26,425.59,319.68,62.86,48.56,0.88,6,-1
378,27,386.50,295.13,44.56,47.46,0.86,15,-1
378,36,214.48,204.52,124.28,71.52,0.90,17,-1
378,28,236.40,401.45,52.58,61.47,0.83,21,-1
379,34,553.14,90.06,39.27,45.54,0.86,3,-1
379,26,425.58,319.52,62.90,48.69,0.88,6,-1
379,27,386.36,295.08,44.67,47.47,0.85,15,-1
379,36,233.69,177.14,125.90,70.49,0.90,17,-1
379,28,235.91,402.40,52.07,60.60,0.83,21,-1
380,34,558.42,91.47,38.10,43.86,0.84,3,-1
380,26,425.94,319.36,62.59,48.82,0.88,6,-1
380,27,386.22,295.06,44.77,47.63,0.85,15,-1
380,36,254.05,154.85,127.01,67.68,0.90,17,-1
380,28,235.75,402.16,51.89,60.17,0.83,21,-1
381,34,563.59,91.83,37.76,43.65,0.83,3,-1
381,26,426.15,319.22,62.39,48.95,0.88,6,-1
381,27,386.09,295.14,44.84,47.64,0.85,15,-1
381,36,278.12,135.95,128.69,66.87,0.90,17,-1
381,28,235.82,402.22,51.69,59.90,0.83,21,-1
382,34,568.58,91.52,37.16,42.66,0.84,3,-1
382,26,426.17,319.18,62.39,48.99,0.88,6,-1
382,27,385.99,295.56,44.98,48.04,0.85,15,-1
382,36,302.89,118.31,125.46,65.12,0.91,17,-1
382,28,235.71,402.22,51.76,59.89,0.83,21,-1
383,34,574.95,88.76,37.36,41.08,0.85,3,-1
383,26,426.34,319.21,62.23,48.89,0.88,6,-1
383,27,385.95,295.16,45.00,47.96,0.85,15,-1
383,36,345.60,97.42,118.36,63.98,0.91,17,-1
383,28,235.87,402.24,51.60,59.88,0.82,21,-1
384,34,579.09,86.37,37.65,40.68,0.84,3,-1
384,26,426.45,319.21,62.13,48.83,0.88,6,-1
384,27,386.01,295.55,45.04,48.06,0.85,15,-1
384,36,377.75,84.50,106.58,62.43,0.90,17,-1
384,28,236.14,402.54,51.38,59.57,0.82,21,-1
385,34,582.68,84.64,37.44,40.12,0.85,3,-1
385,26,426.52,319.24,62.05,48.82,0.88,6,-1
385,27,386.15,295.70,45.01,48.09,0.85,15,-1
385,36,404.74,77.89,95.22,58.90,0.90,17,-1
385,28,236.36,402.63,51.26,59.47,0.82,21,-1
386,34,584.99,82.45,37.33,39.31,0.84,3,-1
386,26,426.57,319.29,62.01,48.81,0.88,6,-1
386,27,386.18,295.70,45.03,48.18,0.85,15,-1
386,36,429.31,73.75,82.69,57.57,0.89,17,-1
386,28,236.25,402.70,51.39,59.46,0.82,21,-1
387,34,586.91,80.77,37.41,39.73,0.85,3,-1
387,26,426.30,319.08,61.83,48.26,0.88,6,-1
387,27,386.20,295.71,45.02,48.18,0.85,15,-1
387,36,452.73,68.80,65.46,55.92,0.89,17,-1
387,28,235.27,403.06,52.29,60.46,0.82,21,-1
388,34,590.18,77.07,38.19,40.52,0.85,3,-1
388,26,426.68,319.56,61.98,48.25,0.88,6,-1
388,27,386.20,295.75,44.98,48.16,0.85,15,-1
388,36,480.10,60.26,47.76,56.12,0.39,17,-1
388,28,234.71,403.19,52.67,60.52,0.82,21,-1
389,34,592.89,75.31,38.17,40.28,0.83,3,-1
389,38,489.98,60.91,42.63,52.69,0.58,3,-1
389,26,425.90,319.40,61.97,48.68,0.88,6,-1
389,27,386.23,295.78,44.98,48.10,0.85,15,-1
389,28,234.98,403.00,52.37,60.18,0.82,21,-1
390,34,593.88,73.78,37.65,39.35,0.84,3,-1
390,38,495.25,58.23,42.36,49.02,0.38,3,-1
390,26,425.92,319.33,62.34,48.84,0.88,6,-1
390,27,386.32,295.81,44.89,48.10,0.86,15,-1
390,28,235.41,403.45,52.18,60.46,0.82,21,-1
391,34,594.99,72.31,37.65,39.53,0.85,3,-1
391,38,501.47,58.47,42.26,50.19,0.48,3,-1
391,26,425.97,319.18,62.43,49.00,0.88,6,-1
391,27,386.34,295.84,44.89,48.05,0.85,15,-1
391,28,235.49,403.55,52.11,60.36,0.82,21,-1
392,34,595.72,71.53,38.36,40.00,0.83,3,-1
392,26,425.96,319.11,62.52,49.11,0.88,6,-1
392,27,386.30,295.83,44.93,48.06,0.86,15,-1
392,28,235.44,403.47,52.16,60.49,0.83,21,-1
393,34,596.96,70.55,37.20,38.76,0.85,3,-1
393,26,426.01,319.17,62.51,49.07,0.88,6,-1
393,27,386.34,295.86,44.90,48.03,0.86,15,-1
393,28,235.29,403.20,52.37,60.78,0.83,21,-1
394,34,597.31,69.27,36.60,37.89,0.85,3,-1
394,26,425.93,319.25,62.57,49.03,0.88,6,-1
394,27,386.37,295.24,44.84,47.99,0.86,15,-1
394,28,235.27,403.16,52.41,60.84,0.83,21,-1
395,34,597.11,68.21,36.49,38.44,0.85,3,-1
395,26,425.94,319.32,62.52,48.92,0.88,6,-1
395,27,386.36,295.03,44.85,47.99,0.86,15,-1
395,28,235.27,403.09,52.44,60.91,0.83,21,-1
396,34,597.21,67.23,35.95,38.71,0.82,3,-1
396,26,426.03,319.37,62.50,48.88,0.88,6,-1
396,27,386.36,295.00,44.85,47.98,0.86,15,-1
396,28,235.35,402.98,52.45,61.00,0.82,21,-1
397,34,602.07,64.33,34.00,40.04,0.32,3,-1
397,26,426.11,319.38,62.56,48.93,0.88,6,-1
397,27,386.19,295.60,45.00,48.02,0.86,15,-1
397,28,235.39,402.79,52.48,61.16,0.83,21,-1
398,26,426.46,319.25,62.43,49.12,0.88,6,-1
398,27,386.25,295.88,44.98,48.06,0.86,15,-1
398,28,235.28,402.44,52.61,61.67,0.82,21,-1
399,26,426.78,318.99,62.33,49.37,0.88,6,-1
399,27,385.92,295.73,45.36,48.43,0.85,15,-1
399,28,234.78,402.51,52.89,61.54,0.83,21,-1
400,26,427.18,319.05,60.92,49.32,0.87,6,-1
400,27,386.11,301.86,45.60,43.25,0.82,15,-1
400,28,235.24,402.98,51.81,60.98,0.83,21,-1
