49,132,296.80,420.54,63.23,58.94,0.59,12,-1
49,133,367.91,417.18,64.88,60.63,0.34,12,-1
50,132,297.48,421.99,62.25,58.00,0.58,12,-1
50,133,368.12,417.43,64.68,60.44,0.40,12,-1
51,134,255.13,444.43,45.48,34.99,0.64,0,-1
51,132,301.26,424.32,57.87,54.08,0.78,12,-1
51,133,367.70,417.42,65.65,61.41,0.67,12,-1
52,134,255.73,444.90,44.95,34.58,0.59,0,-1
52,135,433.91,350.45,62.73,65.00,0.77,1,-1
52,136,430.25,414.54,57.52,62.33,0.45,1,-1
52,137,486.58,408.11,64.20,69.95,0.31,1,-1
52,132,302.87,424.95,56.12,52.68,0.79,12,-1
52,133,367.98,417.47,65.85,61.67,0.68,12,-1
53,135,433.95,352.13,61.72,63.99,0.79,1,-1
53,136,425.56,410.60,59.11,64.25,0.59,1,-1
53,137,486.74,407.58,64.18,69.94,0.36,1,-1
53,132,304.19,423.25,56.21,53.03,0.83,12,-1
53,133,367.53,421.00,61.86,58.32,0.78,12,-1
54,135,434.52,353.14,60.79,63.08,0.79,1,-1
54,136,424.59,410.05,58.75,64.13,0.60,1,-1
54,137,487.54,408.57,63.10,68.72,0.38,1,-1
54,132,304.39,422.68,56.62,53.75,0.83,12,-1
54,133,367.48,422.16,60.35,57.32,0.78,12,-1
55,135,433.54,347.51,65.90,68.84,0.77,1,-1
55,136,427.90,414.81,52.60,57.66,0.42,1,-1
55,137,491.55,416.34,55.57,60.39,0.36,1,-1
55,132,299.42,419.71,62.42,59.40,0.85,12,-1
55,133,366.60,422.27,59.31,56.91,0.78,12,-1
56,135,431.93,345.60,68.07,71.68,0.79,1,-1
56,136,433.42,417.74,50.59,55.33,0.34,1,-1
56,137,497.44,424.60,48.84,52.65,0.25,1,-1
56,138,496.33,354.87,53.64,58.20,0.63,1,-1
56,139,415.86,343.03,36.93,54.36,0.21,1,-1
56,140,212.16,358.40,44.00,53.04,0.33,6,-1
56,132,296.87,418.40,64.77,61.72,0.84,12,-1
56,133,365.13,421.54,60.20,58.50,0.75,12,-1
57,136,435.52,420.71,48.74,53.00,0.63,1,-1
57,137,498.20,426.91,47.79,50.73,0.36,1,-1
57,138,494.07,351.55,58.08,63.12,0.74,1,-1
57,139,415.86,343.03,36.93,54.36,0.21,1,-1
57,140,211.27,360.57,43.94,52.92,0.25,6,-1
57,132,293.81,413.85,69.19,66.46,0.85,12,-1
57,133,365.64,420.61,59.88,58.62,0.77,12,-1
58,141,435.55,421.54,53.49,53.97,0.33,0,-1
58,137,497.65,427.15,48.06,50.17,0.35,1,-1
58,138,493.41,350.60,59.24,64.54,0.74,1,-1
58,139,415.86,343.03,36.93,54.36,0.21,1,-1
58,135,434.09,343.37,66.09,71.31,0.78,1,-1
58,140,211.01,360.94,44.02,52.98,0.33,6,-1
58,132,292.93,412.18,70.43,68.22,0.84,12,-1
58,133,365.15,419.31,60.22,59.55,0.77,12,-1
59,138,490.73,347.16,62.00,67.99,0.72,1,-1
59,139,415.86,343.03,36.93,54.36,0.21,1,-1
59,135,432.27,338.05,68.86,75.66,0.70,1,-1
59,132,290.45,403.98,77.15,76.12,0.72,12,-1
59,133,359.58,410.26,67.30,67.61,0.74,12,-1
60,139,415.86,343.03,36.93,54.36,0.21,1,-1
60,135,432.45,336.47,68.61,76.90,0.74,1,-1
60,136,433.86,422.66,50.83,54.10,0.41,1,-1
60,137,494.23,426.04,53.79,53.55,0.33,1,-1
60,132,290.08,400.81,77.99,78.54,0.81,12,-1
60,133,358.21,407.32,69.06,70.54,0.83,12,-1
61,136,432.16,420.57,53.72,56.38,0.25,1,-1
61,137,494.24,426.95,54.10,53.73,0.33,1,-1
61,138,488.38,345.21,62.15,69.29,0.56,1,-1
61,132,291.78,403.68,73.90,75.29,0.69,12,-1
61,133,356.63,403.55,70.89,74.08,0.59,12,-1
62,138,487.78,344.30,61.63,69.46,0.30,1,-1
62,135,431.44,332.41,68.03,79.88,0.23,1,-1
62,142,351.68,89.35,45.33,33.91,0.41,2,-1
62,132,292.19,403.15,72.96,75.34,0.55,12,-1
62,133,356.02,401.63,71.04,75.86,0.31,12,-1
65,132,294.33,403.06,70.23,74.23,0.50,12,-1
65,133,355.66,398.20,69.81,78.07,0.28,12,-1
79,133,362.95,402.77,56.55,72.25,0.27,12,-1
80,133,363.63,402.62,55.36,72.36,0.22,12,-1
81,133,364.79,403.37,54.36,71.77,0.37,12,-1
81,132,310.23,403.07,60.60,71.65,0.38,12,-1
82,132,311.12,403.00,60.11,71.53,0.38,12,-1
105,144,194.30,309.49,61.65,85.02,0.50,2,-1
106,144,184.31,286.92,62.53,86.24,0.83,2,-1
106,146,227.26,302.46,66.85,85.21,0.82,2,-1
107,144,171.72,262.64,72.07,99.03,0.88,2,-1
107,146,233.49,287.64,59.23,75.05,0.87,2,-1
108,144,171.79,247.07,76.56,104.27,0.92,2,-1
108,146,237.10,272.72,54.65,68.90,0.81,2,-1
109,144,184.74,222.23,79.77,106.95,0.93,2,-1
109,146,251.44,249.39,53.80,67.16,0.84,2,-1
110,144,195.38,193.94,88.74,117.89,0.92,2,-1
110,146,266.58,233.87,52.45,63.99,0.37,2,-1
111,146,276.17,219.02,49.36,60.18,0.37,2,-1
112,144,247.37,163.00,80.97,102.25,0.92,2,-1
113,144,280.46,155.32,71.61,86.91,0.92,2,-1
114,144,301.88,154.01,65.07,75.67,0.91,2,-1
115,144,326.50,153.53,62.63,70.59,0.90,2,-1
116,144,341.45,156.66,59.64,65.15,0.90,2,-1
117,144,361.11,161.10,53.82,56.52,0.88,2,-1
118,144,378.91,161.85,51.32,53.28,0.91,2,-1
119,144,399.10,162.37,48.83,49.77,0.93,2,-1
120,144,412.35,161.54,47.90,48.09,0.91,2,-1
121,144,429.39,157.21,46.11,45.57,0.90,2,-1
121,147,430.18,127.96,50.35,32.21,0.85,2,-1
122,144,440.45,152.56,46.22,44.93,0.90,2,-1
122,147,437.64,123.21,51.19,32.81,0.87,2,-1
123,144,453.57,147.56,44.74,42.33,0.91,2,-1
123,147,449.52,115.88,52.69,33.84,0.89,2,-1
124,144,461.68,144.75,44.27,40.86,0.92,2,-1
124,147,456.07,110.59,54.76,35.32,0.89,2,-1
125,144,471.46,141.29,43.65,38.88,0.92,2,-1
125,147,465.57,106.03,56.01,36.25,0.89,2,-1
126,144,477.36,138.98,43.83,37.52,0.91,2,-1
126,147,470.88,102.81,55.47,36.15,0.89,2,-1
127,144,480.86,137.37,45.07,37.26,0.90,2,-1
127,147,475.07,101.12,55.94,36.71,0.90,2,-1
128,144,485.28,135.93,45.80,36.55,0.90,2,-1
128,147,479.86,98.91,56.70,37.48,0.90,2,-1
129,144,487.60,135.45,47.27,36.57,0.90,2,-1
129,147,483.22,98.46,56.47,37.62,0.90,2,-1
130,144,489.09,135.39,48.11,36.15,0.89,2,-1
130,147,485.63,98.52,55.87,37.47,0.90,2,-1
131,144,489.06,135.51,48.73,35.73,0.90,2,-1
131,147,486.55,98.52,55.62,37.56,0.90,2,-1
132,144,488.24,134.63,49.52,35.70,0.91,2,-1
132,147,486.67,98.03,55.27,37.54,0.90,2,-1
133,144,486.81,133.65,50.99,36.24,0.91,2,-1
133,147,486.48,97.50,54.67,37.38,0.90,2,-1
134,144,484.92,132.78,52.89,36.97,0.91,2,-1
134,147,485.95,96.83,54.24,37.20,0.90,2,-1
135,144,482.47,131.24,54.54,37.44,0.90,2,-1
135,147,484.08,95.16,55.12,37.86,0.90,2,-1
136,144,480.67,129.96,55.93,37.67,0.90,2,-1
136,147,482.84,94.13,54.91,37.80,0.90,2,-1
137,144,478.62,127.75,57.29,37.92,0.88,2,-1
137,147,480.88,92.37,55.20,38.00,0.89,2,-1
138,144,477.88,127.18,57.13,37.16,0.88,2,-1
138,147,480.49,91.84,54.38,37.35,0.89,2,-1
138,149,294.78,253.69,91.66,62.46,0.90,12,-1
139,144,476.96,123.95,58.50,38.10,0.91,2,-1
139,147,480.94,89.79,52.25,35.56,0.89,2,-1
139,149,310.91,235.42,87.88,59.97,0.92,12,-1
140,144,477.26,120.89,59.14,38.31,0.88,2,-1
140,147,481.04,86.85,51.91,35.30,0.89,2,-1
140,149,318.75,224.41,87.25,59.77,0.93,12,-1
141,144,477.81,118.11,58.17,37.33,0.90,2,-1
141,147,481.54,83.91,52.16,35.20,0.89,2,-1
141,149,324.09,217.17,85.75,59.20,0.92,12,-1
142,144,479.70,114.67,57.11,35.93,0.90,2,-1
142,147,482.42,78.93,54.73,36.93,0.90,2,-1
142,149,330.84,205.19,83.98,58.71,0.92,12,-1
143,144,481.43,113.31,55.80,34.17,0.89,2,-1
143,147,483.53,76.08,56.53,38.08,0.90,2,-1
143,149,336.32,195.01,81.42,57.80,0.91,12,-1
144,144,482.95,112.87,56.26,33.79,0.90,2,-1
144,147,486.55,75.94,55.92,37.61,0.88,2,-1
144,149,346.79,174.05,76.06,54.82,0.93,12,-1
145,144,483.37,113.89,56.97,33.81,0.89,2,-1
145,147,488.01,77.20,55.92,37.74,0.88,2,-1
145,149,355.19,157.09,72.45,53.08,0.93,12,-1
146,144,483.97,115.56,56.84,33.54,0.90,2,-1
146,147,489.09,78.55,56.28,38.31,0.90,2,-1
146,149,362.49,140.76,72.43,54.11,0.93,12,-1
147,144,483.46,118.59,57.15,33.85,0.92,2,-1
147,147,492.08,82.04,54.91,37.74,0.87,2,-1
147,149,377.04,113.76,72.31,55.57,0.93,12,-1
148,144,482.37,120.58,58.37,34.89,0.90,2,-1
148,147,493.60,84.88,54.04,37.82,0.87,2,-1
148,149,388.82,91.07,73.17,57.92,0.91,12,-1
149,144,482.55,125.14,58.19,34.96,0.91,2,-1
149,147,495.69,89.78,53.85,38.70,0.85,2,-1
149,149,404.02,55.16,76.59,62.69,0.92,12,-1
150,144,482.72,128.47,58.65,35.40,0.89,2,-1
150,147,497.79,93.51,52.99,39.08,0.87,2,-1
150,149,415.69,28.06,77.70,66.07,0.92,12,-1
151,144,483.36,130.64,60.05,36.56,0.91,2,-1
151,147,502.01,98.41,49.83,37.36,0.85,2,-1
151,149,425.51,4.17,76.31,67.20,0.91,12,-1
152,144,485.21,133.88,60.25,37.07,0.91,2,-1
152,147,505.56,102.95,48.20,36.90,0.83,2,-1
153,144,488.07,136.89,59.11,36.46,0.92,2,-1
153,147,510.86,107.73,44.64,34.43,0.84,2,-1
154,144,490.55,138.46,58.31,36.06,0.89,2,-1
154,147,513.79,110.43,42.77,33.18,0.82,2,-1
155,144,493.02,138.78,57.54,35.93,0.91,2,-1
155,147,518.78,112.30,40.27,31.55,0.80,2,-1
156,144,495.95,137.51,56.06,35.33,0.90,2,-1
156,147,521.30,111.32,40.86,32.64,0.79,2,-1
157,144,497.48,135.85,55.19,35.10,0.90,2,-1
157,147,523.15,110.36,41.92,34.21,0.64,2,-1
158,144,499.59,133.18,54.37,34.52,0.88,2,-1
158,147,525.83,108.22,41.51,34.14,0.80,2,-1
159,144,501.45,131.06,53.40,33.80,0.87,2,-1
159,147,528.29,106.44,40.32,33.48,0.83,2,-1
160,144,502.43,129.72,53.11,33.39,0.88,2,-1
160,147,528.43,104.47,40.77,34.62,0.82,2,-1
161,144,502.57,127.85,54.34,34.04,0.88,2,-1
161,147,527.99,102.00,41.45,35.94,0.76,2,-1
162,144,503.13,125.25,56.78,35.58,0.90,2,-1
162,147,529.14,100.30,40.25,35.04,0.68,2,-1
163,144,503.83,123.27,58.53,36.69,0.90,2,-1
163,147,529.75,99.08,40.08,34.97,0.56,2,-1
164,144,506.79,120.99,59.31,37.36,0.90,2,-1
164,147,532.68,95.39,39.15,33.61,0.57,2,-1
165,144,510.58,117.85,58.95,37.19,0.91,2,-1
165,147,536.06,91.90,40.32,33.87,0.57,2,-1
166,144,514.11,115.82,59.80,37.48,0.90,2,-1
166,147,539.42,88.96,41.07,33.79,0.72,2,-1
167,144,519.43,113.87,59.93,37.41,0.89,2,-1
167,147,544.77,86.05,41.66,33.83,0.66,2,-1
168,147,547.45,84.55,41.41,33.76,0.66,2,-1
169,147,554.49,85.67,38.57,29.83,0.63,2,-1
169,144,530.42,110.72,58.78,35.94,0.86,2,-1
