42,17,212.56,382.30,45.00,56.55,0.34,6,-1
43,17,219.86,372.30,75.30,94.63,0.22,6,-1
44,17,221.74,370.19,80.97,101.74,0.23,6,-1
45,17,224.12,370.40,81.78,102.86,0.51,6,-1
46,17,223.76,372.31,80.75,101.51,0.51,6,-1
48,18,492.52,352.44,141.81,95.51,0.36,3,-1
48,21,237.76,405.24,49.44,61.64,0.84,21,-1
49,18,493.63,352.48,140.08,94.37,0.79,3,-1
49,19,427.53,320.62,57.27,49.13,0.83,6,-1
49,20,387.29,298.17,45.97,47.05,0.84,15,-1
49,21,237.83,405.31,49.17,61.27,0.82,21,-1
50,18,494.19,351.19,139.66,94.00,0.89,3,-1
50,19,428.15,319.95,57.24,49.06,0.86,6,-1
50,20,386.46,297.63,46.17,47.25,0.84,15,-1
50,21,237.70,404.81,49.37,61.49,0.84,21,-1
51,18,496.18,353.07,136.13,91.29,0.89,3,-1
51,19,428.64,319.61,57.43,49.13,0.87,6,-1
51,20,386.14,297.45,46.56,47.66,0.84,15,-1
51,21,237.23,404.34,49.96,62.21,0.84,21,-1
52,18,489.88,348.67,148.30,99.44,0.55,3,-1
52,19,426.46,320.21,55.70,47.54,0.85,6,-1
52,20,385.23,297.38,47.22,48.39,0.84,15,-1
52,21,237.62,403.14,49.12,61.02,0.82,21,-1
67,20,385.32,298.39,47.69,48.65,0.69,15,-1
68,19,425.20,320.18,55.84,47.54,0.72,6,-1
68,20,384.88,298.04,47.77,48.63,0.80,15,-1
69,19,423.83,320.04,55.49,47.09,0.78,6,-1
69,20,384.79,298.22,47.47,48.36,0.84,15,-1
69,21,236.45,400.82,51.38,63.56,0.60,21,-1
70,19,423.62,320.22,55.29,46.69,0.79,6,-1
70,20,385.38,297.86,47.92,48.83,0.83,15,-1
70,21,234.31,398.91,53.28,65.45,0.66,21,-1
71,19,424.20,319.17,56.28,47.42,0.84,6,-1
71,20,385.73,297.71,47.42,48.31,0.84,15,-1
71,21,233.93,400.02,53.02,64.85,0.84,21,-1
72,19,424.43,318.72,56.62,47.58,0.86,6,-1
72,20,386.02,298.13,47.03,47.81,0.83,15,-1
72,21,234.53,400.89,51.83,63.08,0.84,21,-1
73,18,478.24,339.17,162.26,115.87,0.33,3,-1
73,19,426.28,318.80,57.72,48.66,0.82,6,-1
73,20,385.89,297.78,47.28,48.09,0.84,15,-1
73,21,234.80,401.55,51.55,62.49,0.84,21,-1
74,19,427.44,319.52,56.69,47.75,0.86,6,-1
74,20,386.05,298.07,46.79,47.68,0.83,15,-1
74,21,234.91,401.62,51.82,62.60,0.84,21,-1
75,18,487.02,343.74,144.38,105.27,0.54,3,-1
75,19,427.48,319.97,56.24,47.20,0.86,6,-1
75,20,384.67,297.85,47.43,48.24,0.84,15,-1
75,21,235.14,401.52,52.37,62.88,0.84,21,-1
76,18,491.36,347.27,129.61,94.44,0.67,3,-1
76,19,426.58,319.92,55.46,46.18,0.88,6,-1
76,20,383.86,297.98,47.24,47.91,0.84,15,-1
76,21,236.18,401.07,52.97,63.52,0.84,21,-1
77,18,494.27,348.78,129.76,92.59,0.78,3,-1
77,19,426.22,320.07,55.28,45.62,0.87,6,-1
77,20,383.96,297.92,47.34,48.17,0.85,15,-1
77,21,236.54,400.86,53.24,63.66,0.83,21,-1
78,18,495.03,350.85,133.97,92.99,0.81,3,-1
78,19,426.04,319.78,56.44,46.47,0.88,6,-1
78,20,384.13,297.34,47.83,48.80,0.86,15,-1
78,21,235.64,401.90,52.83,62.84,0.82,21,-1
79,18,494.37,351.26,137.53,92.79,0.83,3,-1
79,19,425.78,319.43,57.91,47.44,0.87,6,-1
79,20,383.86,296.32,47.99,49.25,0.87,15,-1
79,21,235.49,401.89,53.00,63.25,0.82,21,-1
80,18,494.86,352.57,138.99,91.39,0.85,3,-1
80,19,426.02,319.41,58.21,47.56,0.88,6,-1
80,20,383.49,295.89,48.60,50.08,0.88,15,-1
80,21,235.54,403.03,52.11,62.21,0.82,21,-1
81,18,493.70,352.88,143.42,92.63,0.86,3,-1
81,19,425.97,319.31,58.60,47.72,0.88,6,-1
81,20,383.46,295.81,48.81,50.47,0.88,15,-1
81,21,235.51,403.64,51.61,61.60,0.82,21,-1
82,18,491.19,354.03,143.93,93.15,0.68,3,-1
82,19,425.48,319.03,59.48,48.19,0.88,6,-1
82,20,383.74,295.84,48.35,50.32,0.88,15,-1
82,21,235.16,403.72,51.81,61.89,0.83,21,-1
83,18,492.51,354.39,143.60,92.52,0.52,3,-1
83,19,425.19,318.92,59.92,48.34,0.88,6,-1
83,20,384.49,295.87,47.64,49.88,0.88,15,-1
83,21,235.17,403.89,51.85,61.93,0.84,21,-1
84,18,487.85,352.52,148.46,97.45,0.35,3,-1
84,19,426.02,319.01,59.60,47.96,0.88,6,-1
84,20,384.94,295.72,47.68,49.92,0.88,15,-1
84,21,235.92,404.24,51.20,61.20,0.84,21,-1
85,18,489.74,350.26,143.77,93.62,0.77,3,-1
85,22,503.18,350.41,64.54,87.53,0.74,3,-1
85,19,426.19,318.81,60.18,48.34,0.88,6,-1
85,20,385.28,295.65,47.63,49.87,0.87,15,-1
85,21,236.03,404.42,50.97,60.96,0.84,21,-1
86,22,503.18,350.41,64.54,87.53,0.74,3,-1
86,19,425.80,318.86,60.28,48.32,0.87,6,-1
86,20,385.43,295.67,47.26,49.54,0.87,15,-1
86,21,235.90,404.26,51.10,61.14,0.84,21,-1
87,18,499.89,335.21,138.00,86.62,0.87,3,-1
87,19,425.53,318.85,60.76,48.61,0.87,6,-1
87,20,385.49,295.70,47.09,49.41,0.87,15,-1
87,21,235.74,404.23,51.06,61.07,0.84,21,-1
88,18,500.26,310.60,135.00,84.40,0.64,3,-1
88,22,522.64,266.31,88.65,117.85,0.60,3,-1
88,19,425.32,318.77,61.29,49.00,0.87,6,-1
88,20,385.51,295.70,47.05,49.41,0.87,15,-1
88,21,235.69,404.25,50.99,60.97,0.84,21,-1
89,22,512.66,219.35,122.72,163.54,0.86,3,-1
89,19,425.06,318.71,61.72,49.33,0.87,6,-1
89,20,385.23,295.85,47.11,49.73,0.87,15,-1
89,21,235.69,404.29,50.92,60.88,0.84,21,-1
90,22,499.51,171.33,158.20,214.46,0.77,3,-1
90,18,418.40,140.59,327.91,236.76,0.58,3,-1
90,19,424.92,318.71,62.13,49.59,0.88,6,-1
90,20,385.10,295.90,47.15,50.08,0.87,15,-1
90,21,235.68,404.25,50.92,60.89,0.84,21,-1
91,18,408.37,115.42,352.49,255.89,0.58,3,-1
91,19,424.88,318.70,62.17,49.52,0.87,6,-1
91,20,385.15,295.91,46.98,50.19,0.87,15,-1
91,21,235.57,404.27,50.94,60.94,0.84,21,-1
92,22,490.64,87.54,188.39,271.42,0.87,3,-1
92,19,424.83,318.62,62.70,49.90,0.87,6,-1
92,20,385.30,295.94,46.67,50.09,0.87,15,-1
92,21,235.53,404.20,51.00,61.05,0.84,21,-1
93,22,484.93,28.41,181.39,271.29,0.84,3,-1
93,19,425.10,318.62,62.95,49.85,0.87,6,-1
93,20,385.39,296.02,46.43,50.04,0.87,15,-1
93,21,235.43,404.05,51.15,61.27,0.84,21,-1
94,22,476.43,0.33,165.77,256.66,0.86,3,-1
94,19,425.25,318.74,63.03,49.71,0.87,6,-1
94,20,385.55,296.07,46.05,49.80,0.87,15,-1
94,21,235.46,404.10,51.02,61.12,0.84,21,-1
95,22,468.25,-7.20,143.50,230.41,0.86,3,-1
95,19,424.93,318.55,63.45,50.10,0.88,6,-1
95,20,385.74,296.10,45.86,49.73,0.87,15,-1
95,21,235.42,404.13,51.02,61.15,0.83,21,-1
96,22,454.62,-9.79,128.46,214.54,0.86,3,-1
96,19,424.91,318.50,63.53,50.23,0.88,6,-1
96,20,385.92,296.12,45.60,49.56,0.87,15,-1
96,21,235.37,404.34,51.04,61.17,0.83,21,-1
97,22,442.03,-6.54,117.12,203.09,0.85,3,-1
97,19,424.95,318.47,63.60,50.33,0.88,6,-1
97,20,386.16,296.14,45.30,49.31,0.86,15,-1
97,21,235.27,404.41,51.14,61.28,0.83,21,-1
98,22,430.59,-4.46,106.37,190.89,0.88,3,-1
98,19,424.95,318.38,63.69,50.50,0.88,6,-1
98,20,386.25,296.07,45.24,49.27,0.86,15,-1
98,21,235.27,404.52,51.09,61.22,0.83,21,-1
99,22,433.24,18.06,92.92,167.99,0.90,3,-1
99,19,424.92,318.33,63.80,50.70,0.87,6,-1
99,20,386.22,295.99,45.31,49.39,0.86,15,-1
99,21,235.19,404.50,51.16,61.30,0.83,21,-1
100,22,440.57,49.44,80.35,140.25,0.92,3,-1
100,19,426.18,319.21,63.44,50.34,0.87,6,-1
100,20,386.54,296.65,44.88,48.71,0.85,15,-1
100,21,235.94,402.67,52.95,63.49,0.83,21,-1
101,22,452.30,82.40,69.09,112.05,0.91,3,-1
101,19,426.66,319.55,63.19,50.11,0.87,6,-1
101,20,386.61,296.93,44.81,48.43,0.85,15,-1
101,21,236.21,402.00,53.61,64.32,0.83,21,-1
102,22,466.19,103.74,63.07,91.46,0.89,3,-1
102,19,426.74,319.77,63.24,50.08,0.87,6,-1
102,20,386.56,297.03,44.88,48.30,0.86,15,-1
102,21,236.29,401.69,53.88,64.68,0.84,21,-1
103,22,488.31,113.90,62.77,79.01,0.89,3,-1
103,19,426.55,319.90,63.39,50.14,0.87,6,-1
103,20,386.44,297.02,45.05,48.31,0.86,15,-1
103,21,236.32,401.59,53.94,64.78,0.84,21,-1
104,22,501.87,112.35,67.57,78.06,0.89,3,-1
104,19,426.32,319.89,63.71,50.36,0.87,6,-1
104,20,386.34,296.97,45.28,48.42,0.86,15,-1
104,21,236.41,401.56,53.84,64.65,0.84,21,-1
105,22,512.86,108.13,70.35,76.34,0.88,3,-1
105,19,426.23,319.87,63.83,50.46,0.87,6,-1
105,20,386.24,296.93,45.52,48.56,0.86,15,-1
105,21,236.40,401.66,53.69,64.50,0.84,21,-1
106,22,518.67,95.31,78.19,82.56,0.89,3,-1
106,19,426.22,319.88,63.84,50.47,0.87,6,-1
106,20,386.13,296.99,45.67,48.59,0.86,15,-1
106,21,236.42,401.74,53.61,64.40,0.84,21,-1
107,22,526.25,90.03,79.18,81.47,0.89,3,-1
107,19,426.15,319.91,63.91,50.53,0.87,6,-1
107,20,386.02,296.98,45.86,48.68,0.86,15,-1
107,21,236.52,401.79,53.50,64.29,0.84,21,-1
108,22,540.57,82.38,70.92,70.00,0.82,3,-1
108,24,568.78,81.43,43.74,47.70,0.81,3,-1
108,19,426.26,319.97,63.80,50.41,0.87,6,-1
108,20,386.02,296.98,45.92,48.65,0.86,15,-1
108,21,236.55,401.81,53.43,64.19,0.84,21,-1
109,24,573.64,75.46,40.91,44.59,0.85,3,-1
109,19,426.27,320.00,63.67,50.29,0.87,6,-1
109,20,385.93,296.92,46.03,48.72,0.86,15,-1
109,21,236.55,401.88,53.37,64.13,0.84,21,-1
110,24,573.72,70.81,39.42,42.92,0.87,3,-1
110,19,426.38,319.98,63.57,50.17,0.87,6,-1
110,20,385.90,296.92,46.01,48.68,0.86,15,-1
110,21,236.52,401.86,53.39,64.15,0.84,21,-1
111,24,572.75,69.08,39.03,42.59,0.88,3,-1
111,19,426.32,319.92,63.59,50.19,0.87,6,-1
111,20,385.96,296.93,45.95,48.59,0.86,15,-1
111,21,236.56,401.93,53.26,63.94,0.84,21,-1
112,24,569.87,68.77,40.09,43.98,0.87,3,-1
112,19,426.28,319.90,63.66,50.29,0.87,6,-1
112,20,386.01,296.94,45.88,48.47,0.86,15,-1
112,21,236.58,402.00,53.17,63.80,0.84,21,-1
113,24,564.85,68.86,39.71,43.88,0.87,3,-1
113,19,426.39,319.88,63.67,50.33,0.87,6,-1
113,20,386.02,296.96,45.85,48.39,0.86,15,-1
113,21,236.58,402.03,53.15,63.72,0.84,21,-1
114,24,560.99,69.05,39.52,43.93,0.89,3,-1
114,19,426.46,319.87,63.63,50.31,0.87,6,-1
114,20,386.02,297.00,45.85,48.35,0.86,15,-1
114,21,236.58,402.05,53.15,63.69,0.84,21,-1
115,24,557.26,69.47,38.91,43.31,0.87,3,-1
115,19,426.44,319.86,63.57,50.30,0.87,6,-1
115,20,386.01,297.01,45.87,48.33,0.86,15,-1
115,21,236.57,402.02,53.24,63.77,0.84,21,-1
116,24,554.23,70.00,39.19,43.80,0.89,3,-1
116,19,426.42,319.85,63.50,50.28,0.87,6,-1
116,20,385.99,296.99,45.89,48.33,0.86,15,-1
116,21,236.63,402.00,53.15,63.60,0.84,21,-1
117,24,552.68,70.89,38.67,43.32,0.88,3,-1
117,19,426.41,319.84,63.43,50.26,0.87,6,-1
117,20,385.98,296.98,45.91,48.34,0.86,15,-1
117,21,236.64,401.98,53.17,63.56,0.84,21,-1
118,24,549.94,72.49,39.92,44.45,0.88,3,-1
118,19,426.46,319.81,63.40,50.27,0.87,6,-1
118,20,385.94,296.99,45.92,48.32,0.86,15,-1
118,21,236.61,401.97,53.23,63.58,0.84,21,-1
119,24,548.22,73.52,41.12,45.68,0.86,3,-1
119,19,426.50,319.82,63.31,50.20,0.87,6,-1
119,20,385.96,297.03,45.88,48.26,0.86,15,-1
119,21,236.59,401.96,53.27,63.59,0.84,21,-1
120,24,547.15,74.89,41.95,46.62,0.88,3,-1
120,19,426.44,319.82,63.31,50.20,0.87,6,-1
120,20,385.92,297.05,45.87,48.21,0.86,15,-1
120,21,236.57,401.93,53.36,63.65,0.84,21,-1
121,24,547.35,77.89,41.49,46.50,0.87,3,-1
121,19,426.45,319.85,63.18,50.08,0.87,6,-1
121,20,385.90,297.06,45.86,48.18,0.86,15,-1
121,21,236.59,401.97,53.33,63.60,0.84,21,-1
122,24,545.71,79.55,41.60,46.99,0.87,3,-1
122,19,426.45,319.87,63.13,50.01,0.87,6,-1
122,20,385.89,297.06,45.88,48.17,0.86,15,-1
122,21,236.59,401.99,53.34,63.58,0.84,21,-1
123,24,543.42,81.66,41.91,47.83,0.88,3,-1
123,19,426.45,319.86,63.11,49.98,0.87,6,-1
123,20,385.88,297.05,45.87,48.15,0.86,15,-1
123,21,236.58,401.98,53.40,63.63,0.84,21,-1
124,24,541.95,83.70,41.89,48.30,0.87,3,-1
124,19,426.45,319.83,63.15,50.02,0.87,6,-1
124,20,385.82,297.01,45.92,48.21,0.86,15,-1
124,21,236.57,401.96,53.46,63.69,0.84,21,-1
125,24,540.78,85.17,42.32,49.28,0.86,3,-1
125,19,426.45,319.80,63.16,50.02,0.87,6,-1
125,20,385.76,296.98,45.97,48.27,0.86,15,-1
125,21,236.40,401.87,53.68,63.96,0.84,21,-1
126,24,539.55,86.60,42.09,49.30,0.86,3,-1
126,19,426.42,319.78,63.11,49.98,0.87,6,-1
126,20,385.84,297.01,45.94,48.25,0.86,15,-1
126,21,236.32,401.77,53.89,64.21,0.84,21,-1
127,24,538.31,87.82,42.30,49.99,0.85,3,-1
127,19,426.41,319.78,63.11,49.97,0.87,6,-1
127,20,385.87,297.02,45.92,48.25,0.86,15,-1
127,21,236.31,401.71,53.99,64.34,0.84,21,-1
128,24,535.54,89.24,43.15,51.92,0.86,3,-1
128,19,426.45,319.86,62.94,49.80,0.87,6,-1
128,20,385.90,297.02,45.83,48.16,0.86,15,-1
128,21,236.20,401.61,54.10,64.46,0.84,21,-1
129,24,533.82,91.40,43.00,52.54,0.87,3,-1
129,19,426.47,319.91,62.88,49.72,0.87,6,-1
129,20,385.93,297.04,45.76,48.10,0.86,15,-1
129,21,236.17,401.58,54.14,64.49,0.84,21,-1
130,24,531.97,93.35,42.51,52.45,0.86,3,-1
130,19,426.50,319.96,62.52,49.40,0.86,6,-1
130,20,385.92,297.05,45.76,48.10,0.86,15,-1
130,21,236.15,401.52,54.23,64.62,0.84,21,-1
131,24,530.14,94.96,42.11,52.23,0.85,3,-1
131,19,426.53,319.98,62.40,49.28,0.86,6,-1
131,20,385.91,297.06,45.75,48.09,0.86,15,-1
131,21,236.13,401.49,54.27,64.71,0.84,21,-1
132,24,527.86,96.83,42.46,53.02,0.88,3,-1
132,19,426.49,319.94,62.40,49.26,0.86,6,-1
132,20,385.81,296.84,45.82,48.11,0.85,15,-1
132,21,236.14,401.50,54.26,64.73,0.84,21,-1
133,24,524.16,99.87,42.56,53.14,0.87,3,-1
133,19,426.51,319.98,62.32,49.18,0.86,6,-1
133,20,385.81,296.80,45.78,48.04,0.85,15,-1
133,21,236.07,401.51,54.17,64.70,0.83,21,-1
134,24,521.58,102.27,41.78,51.94,0.86,3,-1
134,19,426.44,319.97,62.38,49.21,0.86,6,-1
134,20,385.78,296.76,45.77,47.99,0.85,15,-1
134,21,236.07,401.50,54.12,64.71,0.83,21,-1
135,24,518.94,103.26,41.99,52.22,0.86,3,-1
135,19,426.45,319.99,62.31,49.14,0.86,6,-1
135,20,385.78,296.77,45.75,47.96,0.86,15,-1
135,21,236.10,401.52,54.04,64.69,0.83,21,-1
136,24,516.99,104.95,41.92,51.91,0.87,3,-1
136,19,426.42,320.01,62.32,49.14,0.86,6,-1
136,20,385.71,296.81,45.78,47.96,0.86,15,-1
136,21,236.11,401.54,53.97,64.65,0.83,21,-1
137,24,515.33,105.97,42.14,51.67,0.87,3,-1
137,19,426.45,320.04,62.24,49.05,0.86,6,-1
137,20,385.68,296.82,45.82,47.99,0.86,15,-1
137,21,236.12,401.55,53.91,64.64,0.83,21,-1
138,24,512.66,108.52,42.46,51.82,0.86,3,-1
138,19,426.44,320.03,62.29,49.07,0.86,6,-1
138,20,385.64,296.84,45.85,48.01,0.85,15,-1
138,21,236.13,401.55,53.87,64.64,0.83,21,-1
139,24,510.83,112.38,41.38,49.95,0.84,3,-1
139,19,426.45,320.03,62.21,49.02,0.86,6,-1
139,20,385.68,296.93,45.77,47.91,0.85,15,-1
139,21,236.16,401.62,53.77,64.59,0.84,21,-1
140,24,509.00,114.91,40.58,48.28,0.84,3,-1
140,19,426.51,320.06,62.17,48.97,0.86,6,-1
140,20,385.67,297.00,45.74,47.86,0.85,15,-1
140,21,236.15,401.64,53.70,64.55,0.83,21,-1
141,24,506.50,117.95,39.55,46.59,0.84,3,-1
141,19,426.55,320.09,62.07,48.86,0.86,6,-1
141,20,385.70,297.03,45.68,47.78,0.85,15,-1
141,21,236.17,401.65,53.65,64.57,0.83,21,-1
142,24,504.49,120.78,38.60,44.51,0.85,3,-1
142,19,426.60,320.11,62.04,48.84,0.86,6,-1
142,20,385.67,297.02,45.79,47.87,0.85,15,-1
142,21,236.12,401.58,53.62,64.74,0.83,21,-1
143,24,498.60,121.78,39.82,45.94,0.86,3,-1
143,19,426.65,320.10,62.02,48.83,0.86,6,-1
143,20,385.66,297.01,45.89,47.95,0.85,15,-1
143,21,236.14,401.51,53.59,64.91,0.84,21,-1
144,24,495.49,124.79,38.96,44.54,0.84,3,-1
144,19,426.67,320.13,61.94,48.75,0.86,6,-1
144,20,385.64,297.02,45.92,47.94,0.85,15,-1
144,21,236.18,401.54,53.41,64.86,0.84,21,-1
145,24,493.12,126.79,38.35,42.77,0.86,3,-1
145,19,426.60,320.13,62.03,48.82,0.86,6,-1
145,20,385.64,297.01,45.96,47.97,0.85,15,-1
145,21,236.24,401.56,53.26,64.81,0.84,21,-1
146,24,490.40,130.04,37.05,40.69,0.86,3,-1
146,19,426.59,320.12,62.05,48.83,0.86,6,-1
146,20,385.68,297.07,45.90,47.86,0.85,15,-1
146,21,236.32,401.54,53.20,64.84,0.84,21,-1
147,24,488.45,132.35,36.34,39.29,0.86,3,-1
147,19,426.57,320.18,62.05,48.81,0.87,6,-1
147,20,385.66,297.09,45.94,47.86,0.85,15,-1
147,21,236.41,401.55,53.13,64.84,0.84,21,-1
148,24,484.55,134.19,36.56,39.14,0.86,3,-1
148,19,426.38,320.16,62.24,48.95,0.86,6,-1
148,20,385.65,297.13,46.00,47.89,0.85,15,-1
148,21,236.44,401.50,53.10,64.90,0.84,21,-1
149,24,481.72,136.46,35.68,37.50,0.85,3,-1
149,19,426.32,320.19,62.18,48.88,0.86,6,-1
149,20,385.66,297.12,46.05,47.89,0.85,15,-1
149,21,236.43,401.51,52.98,64.84,0.83,21,-1
150,24,479.89,138.13,35.26,36.28,0.86,3,-1
150,19,426.26,320.21,62.07,48.80,0.87,6,-1
150,20,386.04,296.73,45.94,47.86,0.85,15,-1
150,21,235.77,401.84,53.03,64.88,0.84,21,-1
151,24,477.51,138.99,34.72,35.07,0.86,3,-1
151,19,426.34,320.20,61.91,48.72,0.87,6,-1
151,20,386.21,296.57,45.85,47.84,0.85,15,-1
151,21,235.54,401.94,53.07,64.88,0.84,21,-1
152,24,475.59,139.96,34.50,34.01,0.85,3,-1
152,19,426.40,320.18,61.81,48.69,0.87,6,-1
152,20,386.27,296.51,45.81,47.86,0.85,15,-1
152,21,235.69,402.61,52.18,63.71,0.83,21,-1
153,24,472.28,140.66,35.33,34.09,0.84,3,-1
153,19,426.47,320.17,61.67,48.59,0.87,6,-1
153,20,386.27,296.45,45.79,47.91,0.85,15,-1
153,21,235.42,402.24,52.74,64.46,0.83,21,-1
154,24,470.15,141.49,35.60,33.68,0.84,3,-1
154,19,426.51,320.15,61.66,48.60,0.87,6,-1
154,20,386.30,296.42,45.75,47.92,0.85,15,-1
154,21,235.33,402.10,52.95,64.76,0.83,21,-1
155,24,468.23,141.89,36.16,33.50,0.83,3,-1
155,19,426.52,320.14,61.65,48.61,0.87,6,-1
155,20,386.32,296.41,45.69,47.91,0.85,15,-1
155,21,235.34,402.07,52.97,64.83,0.83,21,-1
156,24,465.64,142.37,36.73,33.56,0.84,3,-1
156,19,426.47,320.09,61.70,48.68,0.88,6,-1
156,20,386.35,296.42,45.58,47.86,0.85,15,-1
156,21,235.29,401.94,53.14,65.03,0.83,21,-1
157,24,464.06,142.55,36.93,33.47,0.83,3,-1
157,19,426.48,320.09,61.67,48.67,0.88,6,-1
157,20,386.43,296.44,45.46,47.78,0.85,15,-1
157,21,235.34,401.91,53.16,65.05,0.83,21,-1
158,24,460.63,143.10,37.65,33.89,0.84,3,-1
158,19,426.51,320.07,61.64,48.66,0.88,6,-1
158,20,386.46,296.44,45.38,47.74,0.85,15,-1
158,21,235.35,401.88,53.17,65.05,0.83,21,-1
159,24,458.20,143.18,38.25,34.29,0.84,3,-1
159,19,426.53,320.06,61.64,48.69,0.88,6,-1
159,20,386.45,296.42,45.38,47.79,0.85,15,-1
159,21,235.52,401.92,53.04,64.88,0.83,21,-1
160,24,456.68,144.00,37.99,33.92,0.84,3,-1
160,19,426.54,320.05,61.64,48.71,0.87,6,-1
160,20,386.45,296.39,45.38,47.82,0.85,15,-1
160,21,235.56,401.98,52.96,64.77,0.83,21,-1
161,24,455.64,144.30,37.91,33.35,0.84,3,-1
161,19,426.54,320.01,61.67,48.77,0.87,6,-1
161,20,386.43,296.36,45.44,47.92,0.85,15,-1
161,21,235.55,401.98,53.02,64.81,0.83,21,-1
162,24,454.81,144.87,38.28,33.30,0.84,3,-1
162,19,426.56,320.02,61.64,48.77,0.87,6,-1
162,20,386.43,296.36,45.39,47.91,0.85,15,-1
162,21,235.96,401.89,52.94,64.85,0.83,21,-1
163,24,452.03,144.64,38.94,33.78,0.83,3,-1
163,19,426.56,320.00,61.64,48.77,0.87,6,-1
163,20,386.44,296.37,45.31,47.86,0.85,15,-1
163,21,235.72,402.12,52.57,64.45,0.83,21,-1
164,24,451.00,144.87,38.66,33.37,0.83,3,-1
164,19,426.56,320.01,61.63,48.76,0.87,6,-1
164,20,386.46,296.38,45.25,47.83,0.85,15,-1
164,21,235.65,402.22,52.39,64.27,0.83,21,-1
165,24,450.54,144.73,38.66,33.24,0.83,3,-1
165,19,426.57,320.00,61.67,48.78,0.87,6,-1
165,20,386.46,296.37,45.18,47.79,0.85,15,-1
165,21,235.59,402.12,52.42,64.37,0.83,21,-1
166,24,450.67,144.44,38.91,33.30,0.83,3,-1
166,19,426.56,319.98,61.69,48.78,0.87,6,-1
166,20,386.47,296.38,45.13,47.76,0.85,15,-1
166,21,235.60,402.11,52.29,64.24,0.83,21,-1
167,24,451.17,144.20,39.09,33.25,0.83,3,-1
167,19,426.54,319.98,61.72,48.79,0.87,6,-1
167,20,386.44,296.37,45.15,47.80,0.85,15,-1
167,21,235.67,402.12,52.16,64.09,0.83,21,-1
168,24,452.71,143.89,39.44,33.41,0.82,3,-1
168,19,426.09,319.80,62.23,49.25,0.87,6,-1
168,20,386.49,296.38,45.00,47.65,0.85,15,-1
168,21,235.76,402.18,51.99,63.90,0.83,21,-1
169,24,453.53,143.37,39.96,33.77,0.84,3,-1
169,19,426.42,319.89,61.80,48.88,0.87,6,-1
169,20,386.50,296.39,44.94,47.60,0.85,15,-1
169,21,235.80,402.17,51.96,63.90,0.83,21,-1
170,24,454.20,143.22,40.07,33.80,0.84,3,-1
170,19,426.54,319.92,61.63,48.72,0.88,6,-1
170,20,386.53,296.39,44.88,47.54,0.85,15,-1
170,21,235.83,402.16,51.88,63.84,0.83,21,-1
171,24,454.70,143.16,40.29,33.94,0.84,3,-1
171,19,426.56,319.94,61.59,48.66,0.88,6,-1
171,20,386.52,296.40,44.83,47.50,0.85,15,-1
171,21,235.83,402.08,51.90,63.91,0.83,21,-1
172,24,454.97,143.24,40.40,34.06,0.83,3,-1
172,19,426.58,319.94,61.59,48.64,0.88,6,-1
172,20,386.54,296.40,44.81,47.50,0.85,15,-1
172,21,235.84,402.02,51.92,63.98,0.83,21,-1
173,24,455.24,143.24,40.78,34.26,0.84,3,-1
173,19,426.56,319.94,61.60,48.64,0.88,6,-1
173,20,386.51,296.40,44.80,47.48,0.85,15,-1
173,21,235.92,402.01,51.89,64.01,0.83,21,-1
174,24,455.56,142.94,40.65,34.08,0.84,3,-1
174,19,426.56,319.94,61.62,48.65,0.88,6,-1
174,20,386.50,296.43,44.78,47.45,0.85,15,-1
174,21,235.96,402.00,51.87,64.04,0.83,21,-1
175,24,455.73,142.69,40.64,33.97,0.84,3,-1
175,19,426.56,319.92,61.65,48.66,0.88,6,-1
175,20,386.60,296.63,44.69,47.22,0.85,15,-1
175,21,235.96,401.95,51.89,64.09,0.83,21,-1
176,24,455.71,141.94,40.90,34.19,0.84,3,-1
176,19,426.10,319.73,62.14,49.11,0.88,6,-1
176,20,386.64,296.72,44.69,47.09,0.85,15,-1
176,21,235.99,401.92,51.88,64.11,0.83,21,-1
177,24,455.69,141.53,41.02,34.28,0.84,3,-1
177,19,426.44,319.84,61.74,48.79,0.88,6,-1
177,20,386.63,296.76,44.74,47.03,0.85,15,-1
177,21,235.99,401.92,51.87,64.11,0.83,21,-1
178,24,455.92,141.20,40.78,34.03,0.84,3,-1
178,19,426.56,319.89,61.60,48.67,0.88,6,-1
178,20,386.58,296.77,44.79,46.99,0.84,15,-1
178,21,235.99,401.94,51.83,64.08,0.83,21,-1
179,24,455.94,141.13,40.49,33.78,0.84,3,-1
179,19,426.61,319.93,61.50,48.57,0.88,6,-1
179,20,386.42,296.57,45.00,47.25,0.84,15,-1
179,21,236.01,401.97,51.78,64.05,0.83,21,-1
180,24,456.39,140.96,40.19,33.57,0.84,3,-1
180,19,426.63,319.94,61.46,48.53,0.88,6,-1
180,20,386.49,296.71,44.90,47.06,0.84,15,-1
180,21,235.97,401.98,51.79,64.06,0.83,21,-1
181,24,457.28,140.97,39.55,33.14,0.85,3,-1
181,19,426.66,319.95,61.42,48.48,0.88,6,-1
181,20,386.37,296.57,45.03,47.24,0.85,15,-1
181,21,235.96,402.01,51.75,64.03,0.83,21,-1
182,24,458.68,140.98,39.42,33.03,0.85,3,-1
182,19,426.64,319.95,61.41,48.44,0.88,6,-1
182,20,386.43,296.72,44.91,47.03,0.84,15,-1
182,21,235.97,402.01,51.75,64.04,0.83,21,-1
183,24,461.72,140.10,40.16,33.60,0.85,3,-1
183,19,426.60,319.96,61.41,48.41,0.88,6,-1
183,20,386.47,296.80,44.83,46.86,0.85,15,-1
183,21,235.97,402.02,51.73,64.04,0.83,21,-1
184,24,463.95,138.77,40.93,34.34,0.85,3,-1
184,19,426.56,319.95,61.45,48.42,0.88,6,-1
184,20,386.48,296.83,44.90,46.86,0.85,15,-1
184,21,235.97,402.01,51.74,64.06,0.83,21,-1
185,24,465.28,137.01,42.27,35.91,0.85,3,-1
185,19,426.55,319.93,61.45,48.40,0.88,6,-1
185,20,386.44,296.84,45.02,46.92,0.85,15,-1
185,21,235.94,401.99,51.76,64.11,0.83,21,-1
186,24,467.23,134.44,44.00,38.19,0.85,3,-1
186,19,426.53,319.94,61.47,48.40,0.88,6,-1
186,20,386.40,296.83,45.15,47.00,0.85,15,-1
186,21,235.94,402.00,51.76,64.12,0.83,21,-1
187,24,468.92,132.11,44.62,39.61,0.86,3,-1
187,19,426.53,319.97,61.46,48.36,0.88,6,-1
187,20,386.37,296.83,45.16,46.96,0.85,15,-1
187,21,235.95,402.01,51.74,64.11,0.83,21,-1
188,24,473.73,130.48,43.63,39.57,0.86,3,-1
188,19,426.60,320.03,61.30,48.21,0.88,6,-1
188,20,386.29,296.66,45.23,47.12,0.85,15,-1
188,21,235.95,402.02,51.72,64.10,0.83,21,-1
189,24,476.40,128.46,44.34,41.35,0.86,3,-1
189,19,426.61,320.04,61.29,48.20,0.88,6,-1
189,20,386.33,296.61,45.19,47.13,0.85,15,-1
189,21,235.96,402.02,51.70,64.08,0.83,21,-1
190,24,478.72,126.10,44.32,42.50,0.86,3,-1
190,19,426.61,320.06,61.32,48.20,0.88,6,-1
190,20,386.37,296.61,45.17,47.17,0.85,15,-1
190,21,235.96,402.03,51.69,64.06,0.83,21,-1
191,24,481.14,125.61,43.56,42.63,0.86,3,-1
191,19,426.57,320.06,61.38,48.21,0.88,6,-1
191,20,386.38,296.57,45.22,47.27,0.85,15,-1
191,21,235.94,402.02,51.70,64.08,0.83,21,-1
192,24,483.38,125.55,42.54,42.27,0.86,3,-1
192,19,426.54,320.06,61.46,48.25,0.88,6,-1
192,20,386.41,296.55,45.18,47.27,0.85,15,-1
192,21,235.97,402.01,51.67,64.05,0.83,21,-1
193,24,485.51,124.51,41.98,42.61,0.87,3,-1
193,19,426.52,320.04,61.52,48.28,0.88,6,-1
193,20,386.39,296.49,45.24,47.36,0.85,15,-1
193,21,235.97,401.94,51.75,64.14,0.83,21,-1
194,24,487.20,124.74,40.40,41.67,0.87,3,-1
194,19,426.47,320.03,61.60,48.34,0.88,6,-1
194,20,386.38,296.48,45.25,47.39,0.85,15,-1
194,21,235.96,401.91,51.80,64.19,0.83,21,-1
195,24,488.94,126.30,38.03,39.55,0.86,3,-1
195,19,426.44,320.03,61.65,48.37,0.88,6,-1
195,20,386.40,296.48,45.24,47.40,0.85,15,-1
195,21,235.92,401.88,51.88,64.28,0.83,21,-1
196,24,490.71,128.27,35.90,37.52,0.86,3,-1
196,19,426.43,320.03,61.64,48.36,0.88,6,-1
196,20,386.41,296.50,45.21,47.38,0.85,15,-1
196,21,235.90,401.87,51.92,64.31,0.83,21,-1
197,24,492.30,131.29,33.32,34.54,0.85,3,-1
197,19,426.42,320.02,61.65,48.36,0.88,6,-1
197,20,386.40,296.48,45.24,47.41,0.85,15,-1
197,21,235.88,401.85,51.98,64.37,0.83,21,-1
198,24,493.77,135.50,30.52,31.04,0.86,3,-1
198,19,426.45,320.04,61.60,48.33,0.88,6,-1
198,20,386.38,296.44,45.26,47.43,0.85,15,-1
198,21,235.85,401.82,52.05,64.45,0.83,21,-1
199,24,494.19,139.37,28.18,27.62,0.86,3,-1
199,19,426.42,320.04,61.59,48.32,0.88,6,-1
199,20,386.38,296.40,45.27,47.45,0.85,15,-1
199,21,235.83,401.80,52.12,64.52,0.83,21,-1
200,24,494.47,142.06,26.61,25.05,0.85,3,-1
200,19,426.57,320.36,61.20,47.72,0.88,6,-1
200,20,386.25,296.60,45.31,47.40,0.85,15,-1
200,21,235.64,403.17,51.03,63.07,0.84,21,-1
201,24,492.74,145.17,25.47,23.07,0.80,3,-1
201,19,426.57,320.47,61.20,47.47,0.88,6,-1
201,20,386.19,296.66,45.36,47.36,0.85,15,-1
201,21,235.63,403.57,50.81,62.66,0.84,21,-1
202,24,490.67,147.74,23.30,20.84,0.39,3,-1
202,19,426.53,320.53,61.33,47.35,0.88,6,-1
202,20,386.18,296.68,45.38,47.32,0.85,15,-1
202,21,235.36,403.09,51.48,63.46,0.84,21,-1
203,19,426.39,320.53,61.64,47.44,0.88,6,-1
203,20,386.14,296.63,45.49,47.37,0.85,15,-1
203,21,235.26,402.86,51.79,63.82,0.84,21,-1
204,19,426.29,320.55,61.89,47.50,0.88,6,-1
204,20,386.11,296.61,45.54,47.37,0.85,15,-1
204,21,235.47,403.35,51.28,63.10,0.84,21,-1
205,19,426.19,320.56,61.99,47.44,0.88,6,-1
205,20,386.10,296.59,45.56,47.36,0.85,15,-1
205,21,235.56,403.57,51.11,62.77,0.84,21,-1
206,19,426.09,320.57,62.17,47.48,0.88,6,-1
206,20,386.03,296.56,45.61,47.38,0.85,15,-1
206,21,235.51,403.63,51.10,62.68,0.84,21,-1
207,19,425.97,320.59,62.36,47.51,0.88,6,-1
207,20,386.00,296.54,45.67,47.42,0.85,15,-1
207,21,235.49,403.64,51.15,62.64,0.84,21,-1
208,19,425.85,320.59,62.52,47.54,0.88,6,-1
208,20,385.97,296.54,45.69,47.42,0.85,15,-1
208,21,235.43,403.60,51.23,62.66,0.84,21,-1
209,19,425.75,320.60,62.69,47.58,0.88,6,-1
209,20,385.98,296.58,45.61,47.32,0.85,15,-1
209,21,235.44,403.59,51.23,62.60,0.84,21,-1
210,19,425.66,320.57,62.86,47.64,0.88,6,-1
210,20,385.99,296.61,45.57,47.28,0.85,15,-1
210,21,235.47,403.62,51.19,62.51,0.84,21,-1
211,19,425.62,320.53,62.97,47.68,0.88,6,-1
211,20,385.98,296.59,45.56,47.25,0.84,15,-1
211,21,235.19,402.92,52.04,63.58,0.84,21,-1
212,19,425.60,320.51,63.01,47.68,0.88,6,-1
212,20,386.04,296.58,45.51,47.16,0.84,15,-1
212,21,235.11,402.68,52.31,63.94,0.84,21,-1
213,19,425.58,320.51,63.05,47.68,0.88,6,-1
213,20,386.04,296.55,45.52,47.14,0.84,15,-1
213,21,235.07,402.59,52.40,64.07,0.84,21,-1
214,19,425.55,320.46,63.18,47.79,0.88,6,-1
214,20,386.00,296.53,45.56,47.16,0.84,15,-1
214,21,235.05,402.55,52.45,64.16,0.84,21,-1
215,19,425.52,320.43,63.25,47.85,0.88,6,-1
215,20,385.96,296.50,45.61,47.19,0.84,15,-1
215,21,235.06,402.53,52.46,64.20,0.84,21,-1
216,19,425.49,320.42,63.30,47.91,0.88,6,-1
216,20,385.94,296.49,45.65,47.23,0.84,15,-1
216,21,235.12,402.51,52.43,64.21,0.84,21,-1
217,19,425.52,320.44,63.20,47.84,0.88,6,-1
217,20,385.96,296.52,45.65,47.20,0.84,15,-1
217,21,235.21,402.54,52.32,64.10,0.84,21,-1
218,19,425.56,320.45,63.15,47.81,0.88,6,-1
218,20,386.00,296.56,45.62,47.14,0.84,15,-1
218,21,235.27,402.53,52.27,64.07,0.84,21,-1
219,19,425.57,320.43,63.17,47.83,0.88,6,-1
219,20,385.99,296.59,45.63,47.14,0.84,15,-1
219,21,235.40,402.52,52.18,64.00,0.84,21,-1
220,19,425.58,320.42,63.15,47.83,0.88,6,-1
220,20,386.00,296.58,45.61,47.09,0.84,15,-1
220,21,235.46,402.51,52.13,63.98,0.84,21,-1
221,19,425.56,320.40,63.17,47.85,0.88,6,-1
221,20,385.96,296.57,45.68,47.15,0.84,15,-1
221,21,235.54,402.46,52.12,64.01,0.84,21,-1
222,19,425.51,320.38,63.19,47.87,0.88,6,-1
222,20,385.97,296.57,45.66,47.12,0.84,15,-1
222,21,235.57,402.44,52.10,64.01,0.84,21,-1
223,19,425.48,320.35,63.22,47.90,0.88,6,-1
223,20,385.95,296.55,45.68,47.13,0.84,15,-1
223,21,235.62,402.44,52.04,63.96,0.84,21,-1
224,19,425.49,320.32,63.21,47.91,0.88,6,-1
224,20,385.93,296.53,45.69,47.13,0.84,15,-1
224,21,235.62,402.41,52.03,63.96,0.84,21,-1
225,19,425.50,320.30,63.18,47.89,0.88,6,-1
225,20,385.93,296.60,45.68,47.12,0.84,15,-1
225,21,235.63,402.41,52.01,63.94,0.84,21,-1
226,19,425.51,320.31,63.09,47.82,0.88,6,-1
226,20,385.86,296.61,45.73,47.19,0.84,15,-1
226,21,235.66,402.43,51.97,63.88,0.84,21,-1
227,19,425.54,320.31,63.04,47.79,0.88,6,-1
227,20,385.81,296.61,45.76,47.23,0.84,15,-1
227,21,235.66,402.43,51.97,63.86,0.84,21,-1
228,19,425.54,320.31,63.05,47.81,0.88,6,-1
228,20,385.79,296.62,45.78,47.26,0.84,15,-1
228,21,235.66,402.43,51.98,63.86,0.84,21,-1
229,19,425.54,320.32,63.02,47.80,0.88,6,-1
229,20,385.82,296.62,45.79,47.27,0.84,15,-1
229,21,235.64,402.44,51.99,63.86,0.84,21,-1
230,19,425.59,320.33,62.93,47.72,0.88,6,-1
230,20,385.83,296.62,45.78,47.26,0.84,15,-1
230,21,235.64,402.45,51.99,63.84,0.84,21,-1
231,19,425.53,320.32,63.04,47.80,0.88,6,-1
231,20,385.85,296.63,45.74,47.23,0.84,15,-1
231,21,235.63,402.45,52.00,63.84,0.84,21,-1
232,19,425.50,320.34,63.07,47.82,0.88,6,-1
232,20,385.87,296.66,45.71,47.21,0.84,15,-1
232,21,235.62,402.44,52.02,63.86,0.84,21,-1
233,19,425.51,320.35,63.06,47.82,0.88,6,-1
233,20,385.90,296.68,45.66,47.17,0.84,15,-1
233,21,235.61,402.43,52.04,63.87,0.84,21,-1
234,19,425.50,320.37,63.07,47.82,0.88,6,-1
234,20,385.91,296.65,45.66,47.17,0.84,15,-1
234,21,235.60,402.45,52.03,63.85,0.84,21,-1
235,19,425.54,320.38,63.03,47.79,0.88,6,-1
235,20,385.92,296.65,45.64,47.16,0.84,15,-1
235,21,235.60,402.45,52.03,63.84,0.84,21,-1
236,19,425.56,320.38,63.01,47.78,0.88,6,-1
236,20,385.94,296.64,45.62,47.16,0.84,15,-1
236,21,235.60,402.46,52.04,63.83,0.84,21,-1
237,19,425.57,320.36,63.01,47.77,0.88,6,-1
237,20,385.93,296.64,45.62,47.16,0.84,15,-1
237,21,235.60,402.47,52.03,63.81,0.84,21,-1
238,19,425.60,320.41,62.91,47.69,0.88,6,-1
238,20,385.96,296.67,45.56,47.11,0.84,15,-1
238,21,235.62,402.51,51.98,63.74,0.84,21,-1
239,19,425.63,320.42,62.89,47.66,0.88,6,-1
239,20,385.98,296.69,45.51,47.08,0.84,15,-1
239,21,235.64,402.54,51.94,63.69,0.84,21,-1
240,19,425.63,320.41,62.92,47.68,0.88,6,-1
240,20,385.99,296.70,45.49,47.06,0.84,15,-1
240,21,235.63,402.54,51.95,63.69,0.84,21,-1
241,19,425.62,320.41,62.93,47.69,0.88,6,-1
241,20,386.00,296.69,45.48,47.06,0.84,15,-1
241,21,235.62,402.55,51.95,63.70,0.84,21,-1
242,19,425.62,320.43,62.88,47.64,0.88,6,-1
242,20,386.01,296.71,45.46,47.04,0.84,15,-1
242,21,235.62,402.54,51.96,63.70,0.84,21,-1
243,24,475.59,155.51,25.76,20.98,0.33,3,-1
243,19,425.65,320.46,62.82,47.57,0.88,6,-1
243,20,386.01,296.71,45.43,47.01,0.84,15,-1
243,21,235.64,402.57,51.93,63.65,0.84,21,-1
244,24,473.54,156.03,27.34,21.25,0.45,3,-1
244,19,425.63,320.47,62.84,47.57,0.88,6,-1
244,20,385.99,296.71,45.44,47.02,0.84,15,-1
244,21,235.65,402.57,51.92,63.63,0.84,21,-1
245,24,472.55,156.21,28.51,21.29,0.48,3,-1
245,19,425.65,320.50,62.78,47.50,0.88,6,-1
245,20,385.99,296.72,45.43,47.00,0.84,15,-1
245,21,235.64,402.57,51.92,63.63,0.84,21,-1
246,24,472.03,156.82,28.99,20.67,0.50,3,-1
246,19,425.65,320.52,62.79,47.49,0.88,6,-1
246,20,385.99,296.74,45.42,46.99,0.84,15,-1
246,21,235.64,402.57,51.93,63.64,0.84,21,-1
247,24,471.44,157.29,29.20,20.28,0.67,3,-1
247,19,425.65,320.53,62.77,47.46,0.88,6,-1
247,20,385.99,296.73,45.42,46.99,0.84,15,-1
247,21,235.63,402.55,51.96,63.66,0.84,21,-1
248,24,470.33,157.71,29.23,20.01,0.68,3,-1
248,19,425.66,320.52,62.79,47.46,0.88,6,-1
248,20,385.99,296.73,45.42,46.99,0.84,15,-1
248,21,235.61,402.53,52.00,63.70,0.84,21,-1
249,24,469.74,158.00,28.81,19.52,0.57,3,-1
249,19,425.66,320.52,62.78,47.44,0.88,6,-1
249,20,386.00,296.73,45.41,46.97,0.84,15,-1
249,21,235.61,402.55,51.98,63.67,0.84,21,-1
250,24,469.83,158.32,28.65,19.18,0.78,3,-1
250,19,424.79,320.17,63.79,48.38,0.88,6,-1
250,20,385.66,296.41,45.41,47.09,0.84,15,-1
250,21,235.79,403.23,51.10,62.54,0.84,21,-1
251,24,469.30,158.10,29.57,19.72,0.76,3,-1
251,19,424.50,320.03,64.13,48.81,0.88,6,-1
251,20,385.56,296.28,45.36,47.15,0.84,15,-1
251,21,235.81,403.46,50.87,62.20,0.84,21,-1
252,24,468.90,158.13,30.09,20.00,0.75,3,-1
252,19,424.46,319.97,64.14,48.98,0.88,6,-1
252,20,385.56,296.22,45.29,47.17,0.84,15,-1
252,21,235.80,403.53,50.81,62.09,0.84,21,-1
253,24,468.67,158.84,29.67,19.57,0.75,3,-1
253,19,424.51,319.94,64.04,49.05,0.88,6,-1
253,20,385.57,296.20,45.23,47.19,0.84,15,-1
253,21,235.78,403.55,50.82,62.07,0.84,21,-1
254,24,468.40,159.39,29.98,19.63,0.75,3,-1
254,19,424.59,319.94,63.88,49.05,0.88,6,-1
254,20,385.60,296.20,45.16,47.19,0.84,15,-1
254,21,235.78,403.60,50.83,62.04,0.84,21,-1
255,24,468.10,159.65,30.64,20.00,0.73,3,-1
255,19,424.64,319.93,63.77,49.08,0.88,6,-1
255,20,385.63,296.20,45.10,47.20,0.84,15,-1
255,21,235.77,403.61,50.85,62.04,0.84,21,-1
256,24,467.93,159.79,31.04,20.28,0.71,3,-1
256,19,424.72,319.95,63.62,49.06,0.88,6,-1
256,20,385.66,296.21,45.04,47.20,0.84,15,-1
256,21,235.76,403.62,50.87,62.04,0.84,21,-1
257,24,467.78,159.95,31.07,20.29,0.66,3,-1
257,19,424.78,319.95,63.51,49.07,0.88,6,-1
257,20,385.68,296.21,45.00,47.21,0.84,15,-1
257,21,235.76,403.61,50.90,62.05,0.84,21,-1
258,24,467.76,159.96,30.98,20.25,0.65,3,-1
258,19,424.85,319.94,63.38,49.04,0.88,6,-1
258,20,385.71,296.20,44.96,47.20,0.84,15,-1
258,21,235.74,403.61,50.93,62.06,0.84,21,-1
259,24,468.14,159.72,30.93,20.24,0.76,3,-1
259,19,424.89,319.95,63.27,49.01,0.88,6,-1
259,20,385.72,296.21,44.92,47.20,0.84,15,-1
259,21,235.74,403.60,50.95,62.07,0.84,21,-1
260,24,469.43,159.75,29.96,19.34,0.78,3,-1
260,19,424.91,319.94,63.22,49.02,0.88,6,-1
260,20,385.73,296.21,44.90,47.21,0.84,15,-1
260,21,235.72,403.59,51.00,62.14,0.84,21,-1
261,24,469.19,158.30,31.90,20.73,0.80,3,-1
261,19,424.93,319.94,63.18,49.03,0.88,6,-1
261,20,385.75,296.22,44.87,47.20,0.84,15,-1
261,21,235.72,403.59,51.02,62.15,0.84,21,-1
262,24,469.21,156.86,33.33,21.76,0.84,3,-1
262,19,424.92,319.93,63.17,49.05,0.88,6,-1
262,20,385.76,296.21,44.85,47.20,0.84,15,-1
262,21,235.72,403.59,51.02,62.16,0.84,21,-1
263,24,470.09,154.80,34.60,22.88,0.82,3,-1
263,19,424.91,319.93,63.14,49.06,0.88,6,-1
263,20,385.78,296.21,45.03,47.18,0.84,15,-1
263,21,235.72,403.58,51.02,62.17,0.84,21,-1
264,24,470.92,153.46,35.25,23.89,0.82,3,-1
264,19,424.90,319.92,63.15,49.09,0.88,6,-1
264,20,385.73,296.20,45.21,47.19,0.84,15,-1
264,21,235.72,403.58,51.02,62.17,0.84,21,-1
265,24,471.67,152.18,36.37,25.10,0.82,3,-1
265,19,424.93,319.92,63.14,49.09,0.88,6,-1
265,20,385.68,296.21,45.36,47.19,0.84,15,-1
265,21,235.73,403.58,51.00,62.15,0.84,21,-1
266,24,472.48,151.05,36.83,25.83,0.82,3,-1
266,19,424.93,319.91,63.14,49.11,0.88,6,-1
266,20,385.60,296.23,45.30,47.20,0.84,15,-1
266,21,235.72,403.58,51.01,62.16,0.84,21,-1
267,24,472.97,150.09,37.23,26.61,0.84,3,-1
267,19,424.92,319.88,63.17,49.16,0.88,6,-1
267,20,385.61,296.22,45.44,47.19,0.84,15,-1
267,21,235.71,403.58,51.01,62.17,0.84,21,-1
268,24,473.99,148.76,37.55,27.27,0.85,3,-1
268,19,424.87,319.86,63.22,49.21,0.88,6,-1
268,20,385.55,296.19,45.62,47.23,0.84,15,-1
268,21,235.69,403.55,51.04,62.20,0.84,21,-1
269,24,474.62,147.60,38.29,28.36,0.85,3,-1
269,19,424.84,319.85,63.22,49.23,0.88,6,-1
269,20,385.51,296.21,45.73,47.22,0.84,15,-1
269,21,235.70,403.56,51.03,62.19,0.84,21,-1
270,24,475.27,146.73,38.30,28.98,0.85,3,-1
270,19,424.85,319.85,63.22,49.24,0.88,6,-1
270,20,385.46,296.21,45.83,47.22,0.84,15,-1
270,21,235.69,403.55,51.04,62.20,0.84,21,-1
271,24,476.12,145.89,38.16,29.39,0.85,3,-1
271,19,424.87,319.86,63.19,49.22,0.88,6,-1
271,20,385.41,296.24,45.91,47.20,0.84,15,-1
271,21,235.69,403.55,51.04,62.20,0.84,21,-1
272,24,477.38,145.05,37.12,29.04,0.85,3,-1
272,19,424.91,319.89,63.13,49.17,0.88,6,-1
272,20,385.39,296.27,45.98,47.19,0.84,15,-1
272,21,235.69,403.55,51.04,62.20,0.84,21,-1
273,24,479.70,143.06,38.05,30.15,0.84,3,-1
273,19,424.97,319.91,63.04,49.10,0.88,6,-1
273,20,385.39,296.30,45.98,47.13,0.84,15,-1
273,21,235.71,403.61,51.01,62.15,0.84,21,-1
274,24,481.99,142.04,37.67,30.08,0.85,3,-1
274,19,424.99,319.93,63.00,49.07,0.88,6,-1
274,20,385.39,296.34,45.98,47.07,0.84,15,-1
274,21,235.72,403.64,50.99,62.11,0.84,21,-1
275,24,484.01,141.21,37.55,30.29,0.86,3,-1
275,19,425.02,319.95,62.93,49.00,0.88,6,-1
275,20,385.38,296.36,45.99,47.02,0.84,15,-1
275,21,235.73,403.66,50.98,62.09,0.84,21,-1
276,24,484.54,139.08,39.53,32.85,0.85,3,-1
276,19,425.04,319.96,62.92,48.99,0.88,6,-1
276,20,385.35,296.35,46.05,47.03,0.84,15,-1
276,21,235.73,403.66,50.99,62.09,0.84,21,-1
277,24,486.46,137.40,39.97,34.04,0.85,3,-1
277,19,425.08,319.96,62.88,48.94,0.88,6,-1
277,20,385.29,296.39,45.88,47.02,0.84,15,-1
277,21,235.73,403.67,51.00,62.08,0.84,21,-1
278,24,488.74,136.13,39.39,34.47,0.86,3,-1
278,19,425.07,319.96,62.86,48.91,0.88,6,-1
278,20,385.30,296.42,45.76,47.06,0.84,15,-1
278,21,235.74,403.72,50.94,61.99,0.84,21,-1
279,24,490.30,135.33,38.18,34.23,0.86,3,-1
279,19,425.08,319.93,62.90,48.93,0.88,6,-1
279,20,385.34,296.41,45.66,47.09,0.84,15,-1
279,21,235.73,403.72,50.94,61.99,0.84,21,-1
280,24,491.89,134.75,37.44,34.20,0.87,3,-1
280,19,425.09,319.93,62.91,48.94,0.88,6,-1
280,20,385.39,296.40,45.56,47.11,0.84,15,-1
280,21,235.69,403.70,50.99,62.03,0.84,21,-1
281,24,493.52,134.24,36.63,34.10,0.87,3,-1
281,19,425.08,319.94,62.92,48.93,0.88,6,-1
281,20,385.44,296.40,45.45,47.10,0.84,15,-1
281,21,235.67,403.71,50.99,62.02,0.84,21,-1
282,24,494.50,133.52,36.74,34.87,0.86,3,-1
282,19,425.09,319.94,62.89,48.90,0.88,6,-1
282,20,385.50,296.39,45.35,47.09,0.84,15,-1
282,21,235.66,403.68,51.04,62.08,0.84,21,-1
283,24,495.94,133.06,36.34,35.08,0.86,3,-1
283,19,425.08,319.93,62.91,48.90,0.88,6,-1
283,20,385.53,296.38,45.27,47.09,0.84,15,-1
283,21,235.65,403.66,51.06,62.10,0.84,21,-1
284,24,496.98,132.84,35.94,35.14,0.86,3,-1
284,19,425.06,319.92,62.94,48.91,0.88,6,-1
284,20,385.55,296.37,45.24,47.14,0.84,15,-1
284,21,235.63,403.65,51.09,62.13,0.84,21,-1
285,24,497.80,132.86,35.33,34.97,0.84,3,-1
285,19,425.03,319.90,62.99,48.93,0.88,6,-1
285,20,385.58,296.33,45.41,47.17,0.84,15,-1
285,21,235.61,403.64,51.13,62.16,0.84,21,-1
286,24,498.88,132.66,34.94,34.84,0.84,3,-1
286,19,425.03,319.88,63.01,48.93,0.88,6,-1
286,20,385.54,296.31,45.38,47.22,0.84,15,-1
286,21,235.59,403.64,51.15,62.17,0.84,21,-1
287,24,499.63,132.88,34.37,34.43,0.84,3,-1
287,19,425.01,319.87,63.06,48.96,0.88,6,-1
287,20,385.56,296.28,45.34,47.26,0.84,15,-1
287,21,235.58,403.64,51.17,62.17,0.84,21,-1
288,24,500.92,133.78,33.20,33.10,0.82,3,-1
288,19,424.97,319.87,63.12,48.99,0.88,6,-1
288,20,385.59,296.27,45.27,47.26,0.84,15,-1
288,21,235.61,403.64,51.12,62.14,0.84,21,-1
289,24,501.86,133.83,33.03,32.63,0.84,3,-1
289,19,424.96,319.87,63.13,48.99,0.88,6,-1
289,20,385.62,296.24,45.20,47.25,0.84,15,-1
289,21,235.64,403.68,51.06,62.10,0.84,21,-1
290,24,502.35,133.93,33.04,32.50,0.84,3,-1
290,19,424.91,319.86,63.21,49.05,0.88,6,-1
290,20,385.65,296.22,45.11,47.23,0.84,15,-1
290,21,235.67,403.73,51.00,62.05,0.84,21,-1
291,24,502.71,133.23,33.30,32.79,0.84,3,-1
291,19,424.88,319.85,63.23,49.06,0.88,6,-1
291,20,385.68,296.21,45.06,47.24,0.84,15,-1
291,21,235.67,403.76,50.95,62.00,0.84,21,-1
292,24,503.73,132.96,32.40,31.85,0.85,3,-1
292,19,424.92,319.85,63.18,49.03,0.88,6,-1
292,20,385.70,296.21,45.01,47.23,0.84,15,-1
292,21,235.67,403.74,50.94,62.00,0.84,21,-1
293,24,504.78,131.56,32.67,32.59,0.81,3,-1
293,19,424.92,319.84,63.17,49.02,0.88,6,-1
293,20,385.69,296.18,44.99,47.23,0.84,15,-1
293,21,235.69,403.73,50.92,62.00,0.84,21,-1
294,24,506.12,130.08,33.02,33.36,0.82,3,-1
294,19,424.92,319.84,63.16,49.01,0.88,6,-1
294,20,385.68,296.15,45.00,47.26,0.84,15,-1
294,21,235.47,403.12,51.66,63.01,0.84,21,-1
295,24,507.02,129.12,33.03,33.78,0.81,3,-1
295,19,424.92,319.83,63.19,49.03,0.88,6,-1
295,20,385.66,296.14,45.01,47.29,0.84,15,-1
295,21,235.72,403.55,51.13,62.32,0.84,21,-1
296,24,507.89,128.57,32.90,34.08,0.64,3,-1
296,19,424.94,319.83,63.14,48.98,0.88,6,-1
296,20,385.67,296.15,44.99,47.28,0.84,15,-1
296,21,235.82,403.72,50.95,62.06,0.84,21,-1
297,19,424.96,319.83,63.11,48.93,0.88,6,-1
297,20,385.67,296.15,44.98,47.29,0.84,15,-1
297,21,235.83,403.78,50.94,62.00,0.84,21,-1
298,24,508.13,124.40,34.59,36.60,0.34,3,-1
298,19,424.87,319.79,63.15,48.96,0.88,6,-1
298,20,385.65,296.13,44.99,47.32,0.84,15,-1
298,21,235.76,403.86,51.36,62.59,0.84,21,-1
299,19,424.82,319.77,63.15,48.96,0.88,6,-1
299,20,385.61,296.11,45.06,47.41,0.84,15,-1
299,21,235.72,403.87,51.50,62.82,0.84,21,-1
300,24,509.93,124.21,32.12,34.83,0.31,3,-1
300,19,425.16,320.17,62.99,48.71,0.87,6,-1
300,20,385.77,296.19,44.90,47.40,0.84,15,-1
300,21,234.80,403.24,51.80,62.93,0.83,21,-1
301,24,511.23,124.85,29.86,32.74,0.51,3,-1
301,19,425.28,320.34,62.96,48.57,0.87,6,-1
301,20,385.88,296.25,44.73,47.37,0.84,15,-1
301,21,234.41,403.02,52.00,62.94,0.83,21,-1
302,24,512.12,125.32,28.49,31.23,0.21,3,-1
302,19,425.27,320.39,63.08,48.57,0.87,6,-1
302,20,385.95,296.27,44.60,47.37,0.84,15,-1
302,21,234.22,402.95,52.16,62.92,0.83,21,-1
303,24,514.37,125.47,27.35,30.43,0.67,3,-1
303,19,425.24,320.40,63.19,48.56,0.87,6,-1
303,20,386.01,296.28,44.49,47.38,0.84,15,-1
303,21,234.14,402.91,52.34,62.93,0.83,21,-1
304,24,516.75,124.69,26.43,29.74,0.73,3,-1
304,19,425.19,320.39,63.32,48.58,0.87,6,-1
304,20,386.06,296.26,44.41,47.39,0.84,15,-1
304,21,234.14,402.91,52.47,62.91,0.83,21,-1
305,24,518.51,123.67,25.82,29.35,0.36,3,-1
305,19,425.12,320.37,63.50,48.66,0.87,6,-1
305,20,386.10,296.24,44.34,47.40,0.84,15,-1
305,21,234.12,403.09,52.48,62.72,0.83,21,-1
306,24,519.13,123.89,24.80,28.46,0.38,3,-1
306,19,425.06,320.37,63.62,48.70,0.87,6,-1
306,20,386.12,296.23,44.28,47.42,0.84,15,-1
306,21,234.03,403.09,52.62,62.75,0.83,21,-1
307,19,425.01,320.35,63.71,48.71,0.87,6,-1
307,20,386.14,296.21,44.24,47.45,0.84,15,-1
307,21,233.96,403.06,52.77,62.80,0.83,21,-1
308,19,424.93,320.33,63.84,48.76,0.87,6,-1
308,20,386.15,296.20,44.22,47.48,0.84,15,-1
308,21,233.97,403.11,52.80,62.72,0.83,21,-1
309,19,424.88,320.30,63.93,48.79,0.87,6,-1
309,20,386.16,296.21,44.16,47.46,0.84,15,-1
309,21,233.93,403.09,52.92,62.77,0.83,21,-1
310,19,424.83,320.29,64.04,48.84,0.87,6,-1
310,20,386.18,296.20,44.12,47.45,0.84,15,-1
310,21,233.93,403.10,53.00,62.77,0.83,21,-1
311,24,523.31,118.14,24.74,29.85,0.29,3,-1
311,19,424.82,320.29,64.07,48.83,0.87,6,-1
311,20,386.20,296.21,44.08,47.44,0.84,15,-1
311,21,233.91,403.13,53.02,62.73,0.83,21,-1
312,24,522.77,114.52,26.86,32.61,0.27,3,-1
312,19,424.80,320.29,64.11,48.84,0.87,6,-1
312,20,386.21,296.20,44.06,47.44,0.84,15,-1
312,21,233.90,403.19,53.01,62.66,0.83,21,-1
313,24,523.44,113.90,26.72,32.71,0.56,3,-1
313,19,424.75,320.28,64.19,48.88,0.87,6,-1
313,20,386.21,296.20,44.06,47.46,0.84,15,-1
313,21,233.88,403.26,53.00,62.59,0.83,21,-1
314,24,522.52,109.97,29.35,36.60,0.75,3,-1
314,19,424.70,320.29,64.24,48.91,0.87,6,-1
314,20,386.23,296.21,44.04,47.45,0.84,15,-1
314,21,233.87,403.28,53.01,62.55,0.83,21,-1
315,24,522.10,104.72,32.51,41.36,0.72,3,-1
315,19,424.70,320.31,64.24,48.90,0.87,6,-1
315,20,386.27,296.21,44.04,47.45,0.84,15,-1
315,21,233.88,403.35,52.99,62.49,0.83,21,-1
316,24,521.63,101.62,34.38,44.40,0.81,3,-1
316,19,424.69,320.31,64.26,48.91,0.87,6,-1
316,20,386.27,296.21,44.05,47.45,0.84,15,-1
316,21,233.85,403.35,53.03,62.49,0.83,21,-1
317,24,521.51,99.57,35.78,46.83,0.81,3,-1
317,19,424.66,320.30,64.33,48.96,0.87,6,-1
317,20,386.27,296.19,44.07,47.47,0.84,15,-1
317,21,233.85,403.37,53.06,62.49,0.83,21,-1
318,24,521.53,97.35,37.08,49.55,0.83,3,-1
318,19,424.65,320.30,64.36,48.97,0.87,6,-1
318,20,386.28,296.20,44.07,47.46,0.84,15,-1
318,21,233.84,403.48,53.01,62.40,0.83,21,-1
319,24,521.02,95.92,37.74,51.63,0.82,3,-1
319,19,424.66,320.31,64.34,48.96,0.87,6,-1
319,20,386.28,296.21,44.06,47.45,0.84,15,-1
319,21,233.87,403.55,52.99,62.37,0.83,21,-1
320,24,520.96,95.44,38.21,53.25,0.81,3,-1
320,19,424.60,320.29,64.45,49.06,0.87,6,-1
320,20,386.26,296.19,44.10,47.49,0.84,15,-1
320,21,233.87,403.52,53.04,62.42,0.83,21,-1
321,24,521.10,98.79,36.65,51.54,0.84,3,-1
321,19,424.58,320.28,64.48,49.10,0.87,6,-1
321,20,386.24,296.19,44.11,47.49,0.84,15,-1
321,21,233.90,403.46,53.07,62.48,0.83,21,-1
322,24,521.24,101.25,35.30,49.94,0.83,3,-1
322,19,424.58,320.28,64.47,49.10,0.87,6,-1
322,20,386.22,296.18,44.14,47.52,0.84,15,-1
322,21,233.93,403.47,53.05,62.46,0.83,21,-1
323,24,519.59,101.72,35.12,49.73,0.84,3,-1
323,19,424.56,320.26,64.50,49.13,0.87,6,-1
323,20,386.20,296.16,44.17,47.53,0.84,15,-1
323,21,234.00,403.45,53.00,62.41,0.83,21,-1
324,24,518.16,101.45,35.84,50.65,0.85,3,-1
324,19,424.61,320.38,64.04,48.71,0.87,6,-1
324,20,386.20,296.17,44.17,47.52,0.84,15,-1
324,21,234.01,403.45,53.00,62.42,0.83,21,-1
325,24,516.72,101.48,36.35,51.43,0.84,3,-1
325,19,424.60,320.32,64.28,48.91,0.87,6,-1
325,20,386.19,296.17,44.18,47.50,0.84,15,-1
325,21,234.00,403.39,53.05,62.50,0.83,21,-1
326,24,515.10,101.42,36.91,52.32,0.83,3,-1
326,19,424.59,320.29,64.37,49.01,0.87,6,-1
326,20,386.19,296.16,44.21,47.52,0.84,15,-1
326,21,233.99,403.26,53.15,62.66,0.83,21,-1
327,24,513.48,100.58,37.97,54.03,0.85,3,-1
327,19,424.68,320.41,63.85,48.54,0.87,6,-1
327,20,386.19,296.16,44.22,47.51,0.84,15,-1
327,21,234.00,403.22,53.16,62.70,0.83,21,-1
328,24,511.41,98.77,40.12,57.68,0.87,3,-1
328,19,424.70,320.47,63.68,48.34,0.87,6,-1
328,20,386.18,296.17,44.23,47.51,0.84,15,-1
328,21,233.96,403.11,53.22,62.83,0.83,21,-1
329,24,510.41,98.98,40.27,58.04,0.87,3,-1
329,19,424.59,320.36,64.17,48.75,0.87,6,-1
329,20,386.15,296.16,44.28,47.54,0.84,15,-1
329,21,233.93,403.05,53.24,62.91,0.83,21,-1
330,24,509.19,99.60,40.15,57.80,0.86,3,-1
330,19,424.59,320.34,64.24,48.82,0.87,6,-1
330,20,386.15,296.18,44.27,47.52,0.84,15,-1
330,21,233.88,402.98,53.27,62.99,0.83,21,-1
331,24,508.59,100.53,39.82,57.13,0.85,3,-1
331,19,424.63,320.34,64.19,48.79,0.87,6,-1
331,20,386.18,296.20,44.22,47.46,0.84,15,-1
331,21,233.96,402.98,53.15,62.93,0.83,21,-1
332,24,507.94,100.91,39.82,56.76,0.86,3,-1
332,19,424.63,320.34,64.17,48.78,0.87,6,-1
332,20,386.20,296.21,44.20,47.42,0.84,15,-1
332,21,234.00,403.03,53.01,62.86,0.83,21,-1
333,24,506.65,100.18,41.00,58.70,0.85,3,-1
333,19,424.67,320.36,64.06,48.70,0.87,6,-1
333,20,386.28,296.21,44.27,47.34,0.84,15,-1
333,21,234.11,403.07,52.83,62.75,0.83,21,-1
334,24,505.96,100.38,41.34,59.46,0.86,3,-1
334,19,424.71,320.37,63.96,48.63,0.87,6,-1
334,20,386.27,296.21,44.38,47.31,0.84,15,-1
334,21,234.13,403.07,52.74,62.73,0.83,21,-1
335,24,505.71,101.51,41.03,59.04,0.85,3,-1
335,19,424.71,320.36,63.95,48.63,0.87,6,-1
335,20,386.24,296.20,44.48,47.30,0.84,15,-1
335,21,234.21,403.15,52.61,62.64,0.83,21,-1
336,24,505.25,101.14,41.53,59.95,0.86,3,-1
336,19,424.76,320.38,63.89,48.58,0.87,6,-1
336,20,386.15,296.22,44.49,47.34,0.84,15,-1
336,21,234.21,403.17,52.57,62.65,0.83,21,-1
337,24,505.11,101.12,41.49,59.83,0.85,3,-1
337,19,424.79,320.40,63.81,48.52,0.87,6,-1
337,20,386.12,296.23,44.46,47.34,0.84,15,-1
337,21,234.31,403.02,52.55,62.69,0.84,21,-1
338,24,505.44,100.61,42.08,60.54,0.85,3,-1
338,19,424.82,320.40,63.76,48.48,0.87,6,-1
338,20,386.19,296.20,44.53,47.30,0.84,15,-1
338,21,234.33,402.91,52.59,62.81,0.84,21,-1
339,24,505.94,101.23,41.76,59.83,0.85,3,-1
339,19,424.85,320.40,63.68,48.42,0.87,6,-1
339,20,386.21,296.21,44.55,47.21,0.84,15,-1
339,21,234.39,402.95,52.48,62.72,0.84,21,-1
340,24,506.44,102.22,41.04,58.48,0.84,3,-1
340,19,424.86,320.40,63.66,48.41,0.87,6,-1
340,20,386.19,296.20,44.63,47.21,0.84,15,-1
340,21,234.43,402.84,52.47,62.78,0.84,21,-1
341,24,506.66,102.19,40.67,57.55,0.84,3,-1
341,19,424.86,320.40,63.66,48.42,0.87,6,-1
341,20,386.16,296.19,44.72,47.22,0.84,15,-1
341,21,234.52,402.86,52.35,62.69,0.84,21,-1
342,24,507.39,102.88,39.37,55.00,0.85,3,-1
342,19,424.84,320.39,63.70,48.45,0.87,6,-1
342,20,386.12,296.17,44.81,47.24,0.84,15,-1
342,21,234.50,402.76,52.41,62.80,0.84,21,-1
343,24,508.75,100.73,40.11,56.00,0.85,3,-1
343,19,424.84,320.37,63.79,48.52,0.87,6,-1
343,20,386.01,296.19,44.84,47.36,0.84,15,-1
343,21,234.38,402.68,52.49,62.90,0.84,21,-1
344,24,510.87,100.64,39.42,54.99,0.85,3,-1
344,19,424.87,320.36,63.83,48.57,0.87,6,-1
344,20,385.98,296.17,44.83,47.42,0.84,15,-1
344,21,234.26,402.64,52.61,62.99,0.84,21,-1
345,24,512.94,99.77,39.07,54.55,0.85,3,-1
345,19,424.86,320.37,63.89,48.64,0.87,6,-1
345,20,385.99,296.19,44.76,47.42,0.84,15,-1
345,21,233.96,402.79,52.75,63.00,0.84,21,-1
346,24,514.72,98.80,39.06,54.26,0.85,3,-1
346,19,424.89,320.38,63.87,48.64,0.87,6,-1
346,20,386.01,296.22,44.69,47.42,0.84,15,-1
346,21,233.90,402.86,52.78,62.90,0.84,21,-1
347,24,516.26,97.63,38.89,53.66,0.85,3,-1
347,19,424.98,320.51,63.40,48.24,0.87,6,-1
347,20,386.03,296.24,44.62,47.41,0.84,15,-1
347,21,233.82,402.90,52.81,62.75,0.84,21,-1
348,24,518.88,96.48,38.29,52.85,0.85,3,-1
348,19,425.00,320.58,63.22,48.06,0.87,6,-1
348,20,386.04,296.28,44.53,47.37,0.84,15,-1
348,21,233.79,402.93,52.93,62.73,0.84,21,-1
349,24,520.93,95.92,37.39,51.35,0.85,3,-1
349,19,424.97,320.60,63.20,48.02,0.87,6,-1
349,20,386.05,296.29,44.47,47.36,0.84,15,-1
349,21,233.75,402.63,53.17,62.91,0.84,21,-1
350,24,522.47,95.28,37.14,50.60,0.85,3,-1
350,19,425.77,320.39,63.10,48.03,0.88,6,-1
350,20,386.53,296.05,44.68,47.60,0.86,15,-1
350,21,235.25,401.56,53.23,62.65,0.84,21,-1
351,24,522.86,93.53,38.29,51.97,0.84,3,-1
351,19,426.08,320.31,63.03,48.05,0.88,6,-1
351,20,386.73,295.95,44.76,47.69,0.86,15,-1
351,21,235.66,401.19,53.49,62.66,0.84,21,-1
352,24,524.07,92.37,38.35,51.76,0.85,3,-1
352,19,426.22,320.27,62.97,48.08,0.88,6,-1
352,20,386.79,295.92,44.78,47.73,0.86,15,-1
352,21,236.02,401.25,53.41,62.32,0.84,21,-1
353,24,526.03,90.82,38.55,51.71,0.85,3,-1
353,19,426.29,320.26,62.94,48.13,0.88,6,-1
353,20,386.82,295.92,44.77,47.73,0.86,15,-1
353,21,235.94,401.15,53.65,62.32,0.84,21,-1
354,24,527.36,89.77,38.69,51.63,0.85,3,-1
354,19,426.34,320.27,62.85,48.13,0.88,6,-1
354,20,386.84,295.93,44.74,47.70,0.86,15,-1
354,21,235.85,401.00,53.90,62.36,0.84,21,-1
355,24,528.62,89.18,38.94,51.85,0.84,3,-1
355,19,426.35,320.27,62.79,48.14,0.88,6,-1
355,20,386.85,295.93,44.72,47.69,0.86,15,-1
355,21,235.85,400.94,53.96,62.20,0.84,21,-1
356,24,529.28,88.76,39.08,52.01,0.85,3,-1
356,19,426.37,320.27,62.69,48.12,0.88,6,-1
356,20,386.84,295.93,44.73,47.70,0.86,15,-1
356,21,235.77,400.95,54.08,62.14,0.84,21,-1
357,24,529.80,88.68,38.57,51.32,0.85,3,-1
357,19,426.36,320.27,62.66,48.13,0.88,6,-1
357,20,386.83,295.93,44.74,47.73,0.86,15,-1
357,21,235.69,400.91,54.15,62.09,0.85,21,-1
358,24,530.95,88.57,38.58,51.19,0.85,3,-1
358,19,426.35,320.28,62.61,48.12,0.88,6,-1
358,20,386.80,295.92,44.76,47.77,0.86,15,-1
358,21,235.80,401.13,53.88,61.73,0.84,21,-1
359,24,531.91,88.49,38.73,51.28,0.84,3,-1
359,19,426.35,320.27,62.57,48.13,0.88,6,-1
359,20,386.78,295.89,44.76,47.79,0.86,15,-1
359,21,236.44,401.41,53.31,61.07,0.84,21,-1
360,24,532.54,88.09,39.13,51.59,0.85,3,-1
360,19,426.35,320.27,62.53,48.14,0.88,6,-1
360,20,386.78,295.88,44.75,47.80,0.86,15,-1
360,21,236.06,401.61,53.44,61.14,0.84,21,-1
361,24,533.07,87.71,39.48,51.57,0.85,3,-1
361,19,426.37,320.28,62.44,48.10,0.88,6,-1
361,20,386.76,295.90,44.73,47.79,0.86,15,-1
361,21,235.82,401.68,53.50,61.16,0.84,21,-1
362,24,533.20,87.42,39.94,51.87,0.84,3,-1
362,19,426.46,320.30,62.19,47.93,0.88,6,-1
362,20,386.80,295.93,44.67,47.73,0.86,15,-1
362,21,235.45,401.60,53.76,61.39,0.84,21,-1
363,24,533.90,88.08,39.69,51.18,0.86,3,-1
363,19,426.51,320.32,62.06,47.84,0.88,6,-1
363,20,386.81,295.94,44.62,47.69,0.86,15,-1
363,21,235.77,401.84,53.50,61.13,0.85,21,-1
364,24,534.11,88.20,39.95,51.36,0.85,3,-1
364,19,426.12,320.16,62.54,48.33,0.88,6,-1
364,20,386.77,295.93,44.62,47.68,0.86,15,-1
364,21,236.01,402.00,53.22,60.84,0.84,21,-1
365,24,534.11,88.19,40.45,51.97,0.85,3,-1
365,19,426.00,320.09,62.67,48.53,0.88,6,-1
365,20,386.75,295.92,44.65,47.70,0.86,15,-1
365,21,236.14,402.19,53.05,60.66,0.84,21,-1
366,24,533.66,88.39,40.97,52.62,0.85,3,-1
366,19,425.99,320.07,62.65,48.60,0.88,6,-1
366,20,386.75,295.93,44.63,47.66,0.86,15,-1
366,21,236.06,402.18,53.08,60.67,0.84,21,-1
367,24,533.60,88.83,41.00,52.59,0.85,3,-1
367,19,426.05,320.07,62.53,48.58,0.88,6,-1
367,20,386.75,295.94,44.62,47.63,0.86,15,-1
367,25,160.52,356.20,99.48,56.08,0.79,17,-1
367,21,235.79,402.03,53.25,60.82,0.84,21,-1
368,24,534.00,88.89,40.71,52.09,0.85,3,-1
368,19,426.08,320.08,62.46,48.58,0.88,6,-1
368,20,386.74,295.95,44.62,47.62,0.86,15,-1
368,25,155.72,344.88,101.46,57.03,0.82,17,-1
368,21,235.70,401.78,53.41,60.94,0.84,21,-1
369,24,533.77,88.74,41.00,52.58,0.85,3,-1
369,19,426.16,320.09,62.44,48.59,0.88,6,-1
369,20,386.69,295.95,44.67,47.66,0.86,15,-1
369,25,154.93,337.79,105.44,59.12,0.84,17,-1
369,21,235.87,401.74,53.41,60.92,0.84,21,-1
370,24,533.75,88.46,41.18,52.79,0.85,3,-1
370,19,426.18,320.09,62.40,48.56,0.88,6,-1
370,20,386.69,295.96,44.65,47.62,0.86,15,-1
370,25,153.98,330.90,103.76,57.90,0.80,17,-1
370,21,236.04,401.93,53.25,60.75,0.84,21,-1
371,24,534.09,88.30,41.14,52.67,0.85,3,-1
371,19,426.17,320.09,62.44,48.60,0.88,6,-1
371,20,386.74,295.91,44.66,47.64,0.86,15,-1
371,25,157.28,325.39,104.30,58.02,0.83,17,-1
371,21,236.23,401.98,53.15,60.66,0.85,21,-1
372,24,535.38,88.61,40.32,51.47,0.85,3,-1
372,19,426.17,320.09,62.45,48.61,0.88,6,-1
372,20,386.77,295.89,44.66,47.65,0.86,15,-1
372,25,160.27,316.88,113.75,63.31,0.87,17,-1
372,21,236.35,402.06,53.07,60.67,0.84,21,-1
373,24,536.63,89.13,39.65,50.49,0.85,3,-1
373,19,426.25,320.11,62.30,48.49,0.88,6,-1
373,20,386.80,295.89,44.60,47.59,0.86,15,-1
373,25,170.79,302.55,116.74,65.66,0.78,17,-1
373,21,236.51,402.18,52.86,60.56,0.84,21,-1
374,24,538.48,89.46,38.77,49.24,0.85,3,-1
374,19,426.23,320.09,62.30,48.51,0.88,6,-1
374,20,386.82,295.87,44.61,47.59,0.86,15,-1
374,25,178.99,289.02,111.53,62.38,0.82,17,-1
374,21,236.67,402.21,52.79,60.66,0.84,21,-1
375,24,540.72,89.47,38.23,48.09,0.85,3,-1
375,19,426.23,320.06,62.25,48.48,0.88,6,-1
375,20,386.84,295.85,44.60,47.56,0.86,15,-1
375,25,180.72,273.76,116.18,64.97,0.88,17,-1
375,21,236.80,402.22,52.72,60.78,0.83,21,-1
376,24,543.25,88.89,38.34,47.76,0.85,3,-1
376,19,426.30,320.03,62.27,48.50,0.88,6,-1
376,20,386.84,295.86,44.58,47.53,0.86,15,-1
376,25,184.02,258.30,123.01,69.07,0.88,17,-1
376,21,236.62,402.18,52.92,61.20,0.83,21,-1
377,24,545.90,88.91,38.10,47.06,0.87,3,-1
377,19,426.30,320.04,62.33,48.51,0.88,6,-1
377,20,386.83,295.85,44.58,47.52,0.86,15,-1
377,25,194.75,239.38,124.30,70.34,0.90,17,-1
377,21,236.65,402.18,52.93,61.35,0.83,21,-1
378,24,550.62,89.70,38.20,46.79,0.86,3,-1
378,19,426.23,319.96,62.45,48.56,0.88,6,-1
378,20,386.80,295.86,44.53,47.46,0.86,15,-1
378,25,213.60,204.93,126.46,71.53,0.90,17,-1
378,21,236.53,402.20,52.99,61.48,0.83,21,-1
379,24,554.70,90.60,37.66,45.53,0.86,3,-1
379,19,426.16,319.86,62.63,48.69,0.88,6,-1
379,20,386.74,295.82,44.57,47.47,0.85,15,-1
379,25,234.83,177.56,124.97,70.49,0.90,17,-1
379,21,236.54,402.71,52.22,60.60,0.83,21,-1
380,24,560.02,92.10,36.66,43.85,0.84,3,-1
380,19,426.17,319.77,62.71,48.82,0.88,6,-1
380,20,386.64,295.87,44.72,47.63,0.85,15,-1
380,25,257.50,155.42,121.18,67.67,0.90,17,-1
380,21,236.61,402.91,51.86,60.16,0.83,21,-1
381,24,565.05,92.68,36.77,43.64,0.83,3,-1
381,19,426.17,319.69,62.75,48.96,0.88,6,-1
381,20,386.55,295.96,44.76,47.64,0.85,15,-1
381,25,282.70,136.09,121.00,66.85,0.90,17,-1
381,21,236.68,403.08,51.63,59.90,0.83,21,-1
382,24,569.76,91.97,36.26,42.65,0.84,3,-1
382,19,426.20,319.67,62.71,48.99,0.88,6,-1
382,20,386.43,295.92,45.10,48.04,0.85,15,-1
382,25,307.03,118.91,118.80,65.10,0.91,17,-1
382,21,236.67,403.17,51.64,59.89,0.83,21,-1
383,24,576.75,89.11,35.53,41.07,0.85,3,-1
383,19,426.33,319.65,62.49,48.89,0.88,6,-1
383,20,386.44,295.89,45.03,47.96,0.85,15,-1
383,25,347.22,97.97,116.66,63.96,0.91,17,-1
383,21,236.70,403.22,51.61,59.88,0.82,21,-1
384,24,581.08,86.76,35.74,40.67,0.84,3,-1
384,19,426.40,319.62,62.35,48.83,0.88,6,-1
384,20,386.51,295.82,45.10,48.06,0.85,15,-1
384,25,375.56,85.17,112.32,62.40,0.90,17,-1
384,21,236.89,403.37,51.35,59.57,0.82,21,-1
385,24,584.41,84.81,35.75,40.11,0.85,3,-1
385,19,426.45,319.65,62.26,48.82,0.88,6,-1
385,20,386.61,295.80,45.11,48.09,0.85,15,-1
385,25,400.77,78.51,104.24,58.87,0.90,17,-1
385,21,237.02,403.41,51.25,59.47,0.82,21,-1
386,24,586.65,82.90,35.59,39.30,0.84,3,-1
386,19,426.49,319.70,62.17,48.81,0.88,6,-1
386,20,386.63,295.79,45.17,48.18,0.85,15,-1
386,25,421.84,74.37,98.60,57.54,0.89,17,-1
386,21,237.04,403.46,51.27,59.45,0.82,21,-1
387,24,588.23,80.99,36.33,39.72,0.85,3,-1
387,19,427.03,319.87,61.54,48.26,0.88,6,-1
387,20,386.64,295.78,45.14,48.19,0.85,15,-1
387,25,440.81,69.52,90.58,55.89,0.89,17,-1
387,21,235.84,403.67,52.16,60.46,0.82,21,-1
388,24,591.08,77.52,37.43,40.52,0.85,3,-1
388,19,427.12,319.93,61.58,48.25,0.88,6,-1
388,20,386.64,295.80,45.10,48.16,0.85,15,-1
388,25,462.46,60.71,83.64,56.10,0.39,17,-1
388,21,235.34,403.58,52.31,60.53,0.82,21,-1
389,24,593.43,75.57,37.56,40.28,0.83,3,-1
389,26,490.71,61.06,41.80,52.69,0.58,3,-1
389,19,426.60,319.82,62.02,48.67,0.88,6,-1
389,20,386.69,295.80,45.04,48.10,0.85,15,-1
389,21,235.34,403.78,52.07,60.18,0.82,21,-1
390,24,594.70,74.20,37.05,39.35,0.84,3,-1
390,26,497.23,59.01,38.94,48.98,0.38,3,-1
390,19,426.42,319.78,62.24,48.84,0.88,6,-1
390,20,386.70,295.83,45.00,48.10,0.86,15,-1
390,21,235.44,403.93,52.25,60.46,0.82,21,-1
391,24,595.79,73.05,37.47,39.54,0.85,3,-1
391,26,502.97,59.03,39.95,50.18,0.48,3,-1
391,19,426.30,319.69,62.40,49.00,0.88,6,-1
391,20,386.76,295.83,44.94,48.05,0.85,15,-1
391,21,235.50,403.80,52.16,60.37,0.82,21,-1
392,26,507.33,58.45,39.52,49.64,0.48,3,-1
392,19,426.26,319.66,62.51,49.11,0.88,6,-1
392,20,386.76,295.83,44.94,48.06,0.86,15,-1
392,21,235.45,403.72,52.25,60.49,0.83,21,-1
393,24,597.26,70.74,37.27,38.79,0.85,3,-1
393,19,426.30,319.71,62.45,49.07,0.88,6,-1
393,20,386.79,295.85,44.91,48.03,0.86,15,-1
393,21,235.40,403.58,52.47,60.78,0.83,21,-1
394,24,597.46,69.87,36.68,37.93,0.85,3,-1
394,19,426.29,319.76,62.40,49.03,0.88,6,-1
394,20,386.78,295.88,44.86,47.99,0.86,15,-1
394,21,235.40,403.56,52.51,60.84,0.83,21,-1
395,24,596.92,68.70,37.24,38.47,0.85,3,-1
395,19,426.31,319.78,62.29,48.92,0.88,6,-1
395,20,386.78,295.92,44.85,47.99,0.86,15,-1
395,21,235.42,403.52,52.54,60.91,0.83,21,-1
396,24,597.11,67.72,37.40,38.75,0.82,3,-1
396,19,426.39,319.81,62.26,48.88,0.88,6,-1
396,20,386.79,295.97,44.84,47.98,0.86,15,-1
396,21,235.49,403.46,52.59,61.01,0.82,21,-1
397,24,600.68,64.76,37.89,40.08,0.32,3,-1
397,19,426.49,319.84,62.34,48.93,0.88,6,-1
397,20,386.74,295.97,44.90,48.02,0.86,15,-1
397,21,235.52,403.35,52.68,61.16,0.83,21,-1
398,19,426.64,319.81,62.50,49.12,0.88,6,-1
398,20,386.76,296.03,44.94,48.06,0.86,15,-1
398,21,235.37,403.26,53.01,61.67,0.82,21,-1
399,19,426.76,319.67,62.70,49.38,0.88,6,-1
399,20,386.63,295.97,45.29,48.43,0.85,15,-1
399,21,235.19,403.27,52.92,61.55,0.83,21,-1
400,19,426.64,319.71,62.22,49.32,0.87,6,-1
400,20,388.84,302.14,41.76,43.24,0.82,15,-1
400,21,235.56,403.46,52.28,60.98,0.83,21,-1
