56,52,304.24,70.84,25.01,43.22,0.51,24,-1
57,52,309.43,72.36,25.88,44.77,0.23,24,-1
59,52,312.09,73.66,26.58,46.10,0.24,24,-1
60,52,301.75,22.93,45.85,79.71,0.54,24,-1
61,52,299.21,3.99,47.66,82.49,0.44,24,-1
62,52,295.85,-3.52,43.81,74.36,0.48,24,-1
63,52,289.98,-4.84,39.31,64.55,0.75,24,-1
64,52,286.55,-4.52,29.43,42.23,0.56,24,-1
97,54,384.85,315.63,83.71,82.14,0.67,2,-1
98,54,375.21,305.18,89.78,87.92,0.86,2,-1
99,54,367.64,288.95,100.22,98.03,0.92,2,-1
100,54,366.54,276.30,99.51,96.84,0.92,2,-1
101,54,365.08,261.13,99.29,96.12,0.93,2,-1
102,54,365.90,253.52,96.34,92.34,0.93,2,-1
103,54,363.79,242.51,99.61,94.54,0.94,2,-1
104,54,362.08,235.61,101.52,95.11,0.94,2,-1
105,54,361.57,231.04,102.52,94.75,0.94,2,-1
106,54,362.51,225.38,103.54,94.54,0.94,2,-1
107,54,361.99,220.95,106.24,96.30,0.94,2,-1
108,54,361.66,217.08,107.76,96.97,0.94,2,-1
109,54,360.52,212.09,109.52,98.40,0.94,2,-1
110,54,361.35,209.86,108.46,97.05,0.94,2,-1
111,54,361.98,205.93,108.14,96.04,0.94,2,-1
112,54,364.09,203.07,106.28,93.59,0.94,2,-1
113,54,363.67,199.02,106.09,92.91,0.94,2,-1
114,54,363.09,196.50,105.63,91.74,0.95,2,-1
115,54,362.28,194.84,105.84,90.96,0.95,2,-1
116,54,361.84,194.11,104.93,88.75,0.94,2,-1
117,54,360.84,192.51,106.24,88.49,0.94,2,-1
118,54,360.88,190.81,106.95,87.93,0.94,2,-1
119,54,360.91,190.98,107.38,86.99,0.94,2,-1
119,55,161.22,215.13,158.96,58.30,0.88,9,-1
120,54,361.04,192.91,107.75,85.79,0.94,2,-1
120,55,123.67,181.07,227.77,84.38,0.90,9,-1
121,54,360.46,194.13,109.35,85.97,0.94,2,-1
121,55,100.96,157.94,270.73,102.16,0.91,9,-1
122,54,359.36,194.89,110.90,86.32,0.93,2,-1
122,55,89.05,136.45,301.11,116.86,0.91,9,-1
123,54,358.46,196.54,111.79,86.35,0.94,2,-1
123,55,99.95,110.57,305.57,123.35,0.92,9,-1
124,54,357.30,197.58,113.39,87.27,0.94,2,-1
124,55,118.25,91.88,292.60,124.01,0.92,9,-1
125,54,355.87,197.77,115.42,89.07,0.94,2,-1
125,55,140.78,65.48,274.78,123.57,0.91,9,-1
126,54,355.80,198.10,115.65,89.31,0.94,2,-1
126,55,159.26,48.86,255.70,122.84,0.91,9,-1
127,54,355.95,197.84,115.71,89.66,0.94,2,-1
127,55,176.27,37.17,237.73,122.97,0.91,9,-1
128,54,356.39,198.02,115.34,89.65,0.94,2,-1
128,55,195.22,30.95,217.52,122.10,0.90,9,-1
129,54,356.68,198.06,114.92,89.59,0.94,2,-1
129,55,210.21,27.53,198.15,121.47,0.91,9,-1
130,54,356.63,198.54,113.85,88.81,0.94,2,-1
130,55,224.26,20.01,182.28,122.79,0.91,9,-1
131,54,356.29,198.97,113.05,88.30,0.94,2,-1
131,55,240.71,17.79,160.37,119.72,0.92,9,-1
132,54,355.87,199.58,112.24,87.80,0.94,2,-1
132,55,254.95,12.64,142.55,118.86,0.93,9,-1
133,54,355.77,200.23,111.23,87.14,0.94,2,-1
133,55,273.96,4.67,123.30,115.10,0.93,9,-1
134,54,355.56,199.80,111.36,87.42,0.94,2,-1
134,55,288.98,-0.82,106.56,111.93,0.93,9,-1
135,54,354.48,199.08,112.20,88.28,0.94,2,-1
135,55,302.40,-2.74,90.18,107.12,0.90,9,-1
136,54,353.66,198.58,112.91,89.19,0.94,2,-1
136,55,310.52,-2.75,76.69,102.90,0.87,9,-1
137,54,353.64,196.37,112.99,89.85,0.93,2,-1
137,55,327.01,22.35,48.71,71.23,0.80,9,-1
138,54,353.95,194.49,112.46,90.11,0.92,2,-1
138,55,323.57,18.38,45.51,72.90,0.29,9,-1
139,54,354.33,192.86,111.71,90.15,0.93,2,-1
139,55,328.03,32.24,31.80,54.18,0.28,9,-1
140,54,355.26,190.60,110.91,90.13,0.93,2,-1
140,55,316.67,27.64,33.41,61.68,0.23,9,-1
141,54,356.46,189.18,109.15,89.29,0.93,2,-1
141,55,320.41,39.80,24.47,48.51,0.80,9,-1
142,54,358.00,185.66,108.61,89.96,0.93,2,-1
142,55,321.27,46.14,20.46,43.37,0.88,9,-1
143,54,360.43,183.94,107.75,90.44,0.93,2,-1
143,55,319.88,47.20,19.09,42.29,0.90,9,-1
144,54,361.27,183.49,107.09,91.19,0.93,2,-1
144,55,323.33,48.33,19.05,43.94,0.87,9,-1
145,54,361.17,183.66,106.44,91.69,0.93,2,-1
145,55,326.89,47.15,19.25,46.80,0.84,9,-1
146,54,360.60,185.66,104.59,90.53,0.93,2,-1
146,55,330.91,47.19,19.25,48.31,0.89,9,-1
147,54,358.64,189.55,104.44,90.32,0.93,2,-1
147,55,335.72,48.73,18.43,47.47,0.86,9,-1
148,54,356.50,195.01,104.02,88.34,0.93,2,-1
148,55,338.12,48.82,18.17,47.71,0.88,9,-1
149,54,353.52,210.69,100.94,81.18,0.92,2,-1
149,55,340.08,48.94,17.74,47.09,0.89,9,-1
150,54,349.07,232.08,96.86,72.94,0.92,2,-1
150,55,340.36,48.34,17.75,47.09,0.87,9,-1
151,54,346.93,252.00,93.89,65.26,0.92,2,-1
151,55,339.18,48.36,17.85,46.84,0.88,9,-1
152,54,348.19,281.11,87.76,55.03,0.86,2,-1
152,55,337.72,47.20,17.93,46.51,0.88,9,-1
153,54,344.23,295.69,115.79,73.12,0.80,2,-1
153,55,335.53,44.57,18.03,46.51,0.89,9,-1
154,54,339.92,302.15,126.91,83.30,0.27,2,-1
154,55,333.48,43.97,17.78,44.86,0.83,9,-1
155,55,330.36,39.73,18.81,47.61,0.88,9,-1
156,55,327.22,38.93,18.41,45.53,0.85,9,-1
157,55,324.30,36.83,18.42,45.06,0.85,9,-1
158,55,319.78,32.71,19.66,47.53,0.87,9,-1
159,55,315.45,31.32,19.38,45.97,0.85,9,-1
160,55,312.68,30.74,19.57,45.71,0.84,9,-1
161,55,308.66,29.16,19.36,44.48,0.68,9,-1
162,55,303.69,24.88,20.52,46.99,0.87,9,-1
163,55,300.13,23.20,21.41,47.86,0.87,9,-1
163,59,288.31,5.64,39.19,67.76,0.54,9,-1
164,55,296.22,20.38,22.45,49.40,0.84,9,-1
164,59,286.44,5.29,38.62,66.75,0.53,9,-1
165,55,294.47,20.06,22.67,48.03,0.76,9,-1
165,59,281.34,1.80,39.54,67.95,0.62,9,-1
166,55,294.48,19.71,22.98,46.99,0.52,9,-1
166,59,276.94,0.75,39.87,67.41,0.70,9,-1
167,55,290.64,11.33,26.67,53.11,0.64,9,-1
167,59,277.35,0.32,39.80,66.43,0.77,9,-1
168,59,278.77,0.29,40.13,66.91,0.70,9,-1
169,59,277.90,0.48,40.34,67.13,0.77,9,-1
170,59,278.42,0.26,39.90,66.25,0.81,9,-1
171,59,279.97,0.70,39.04,64.74,0.80,9,-1
172,59,282.39,1.19,37.73,62.35,0.83,9,-1
173,59,283.33,1.54,37.14,60.99,0.82,9,-1
174,59,284.99,0.92,37.90,60.90,0.86,9,-1
175,59,288.13,0.87,37.86,59.19,0.75,9,-1
176,59,292.82,2.68,35.75,53.92,0.59,9,-1
177,59,296.92,4.89,32.67,48.23,0.23,9,-1
177,55,290.86,2.03,33.14,51.75,0.66,9,-1
178,55,285.37,0.85,39.66,51.16,0.34,9,-1
179,55,284.52,1.58,43.00,49.93,0.63,9,-1
179,59,297.13,5.92,31.03,43.88,0.35,9,-1
180,59,297.96,5.54,30.86,43.37,0.35,9,-1
181,55,281.13,2.13,47.52,49.80,0.49,9,-1
182,55,270.84,1.17,53.64,51.93,0.75,9,-1
182,59,289.34,3.64,35.31,47.64,0.28,9,-1
183,59,288.74,2.98,35.90,48.07,0.28,9,-1
184,59,287.63,4.22,35.60,45.51,0.33,9,-1
184,55,262.25,1.01,61.27,51.99,0.74,9,-1
185,59,287.88,4.37,35.59,44.86,0.31,9,-1
185,55,265.22,1.45,60.21,50.33,0.59,9,-1
186,59,287.09,5.42,34.29,41.68,0.41,9,-1
186,55,268.65,1.74,58.77,49.60,0.60,9,-1
187,59,284.83,5.20,35.19,41.38,0.40,9,-1
187,55,267.42,1.85,58.47,49.34,0.57,9,-1
188,59,282.02,7.08,34.07,39.15,0.40,9,-1
188,55,261.49,1.91,59.44,49.21,0.61,9,-1
189,55,257.75,2.02,60.06,48.69,0.44,9,-1
190,55,255.16,2.21,60.11,47.49,0.48,9,-1
190,59,276.75,6.02,36.49,40.96,0.24,9,-1
191,59,275.22,5.79,36.97,41.04,0.24,9,-1
192,55,252.51,1.26,61.65,49.03,0.53,9,-1
193,55,250.17,1.66,62.28,50.71,0.46,9,-1
194,55,245.11,1.63,63.03,52.00,0.54,9,-1
194,59,262.72,2.34,43.56,49.47,0.30,9,-1
195,59,260.41,1.95,44.52,50.14,0.30,9,-1
196,59,252.49,1.16,47.25,53.41,0.77,9,-1
197,59,250.23,0.91,47.54,54.02,0.77,9,-1
198,59,249.14,0.83,47.68,54.19,0.78,9,-1
199,59,249.56,0.76,47.28,54.13,0.74,9,-1
200,59,249.69,0.80,47.14,54.09,0.77,9,-1
201,59,249.02,0.86,47.56,53.96,0.77,9,-1
202,59,250.04,0.89,47.52,53.87,0.74,9,-1
203,59,252.37,1.62,46.85,52.28,0.45,9,-1
204,59,252.59,1.90,47.12,51.00,0.45,9,-1
204,55,255.85,2.92,51.57,45.69,0.29,9,-1
205,55,257.25,1.64,50.66,46.80,0.49,9,-1
206,55,258.71,1.07,49.35,45.86,0.60,9,-1
207,55,261.45,0.61,47.81,44.22,0.43,9,-1
208,55,262.87,0.49,47.71,43.96,0.45,9,-1
209,55,262.72,0.39,48.23,44.73,0.60,9,-1
210,55,259.67,0.31,49.23,45.63,0.46,9,-1
211,55,259.83,0.73,48.77,45.47,0.59,9,-1
212,55,260.40,0.85,48.03,45.20,0.59,9,-1
213,55,259.39,0.69,47.46,44.42,0.65,9,-1
214,55,258.90,0.72,47.33,43.77,0.62,9,-1
215,55,258.59,0.83,47.18,42.70,0.52,9,-1
216,55,256.25,0.71,48.06,42.11,0.53,9,-1
217,55,255.53,0.55,49.63,42.91,0.55,9,-1
217,62,262.80,1.34,43.48,39.36,0.31,19,-1
218,55,256.07,0.72,49.85,42.49,0.52,9,-1
218,62,262.56,1.34,44.08,39.92,0.34,19,-1
219,55,256.06,0.59,50.64,43.08,0.50,9,-1
219,62,262.81,1.40,43.83,39.71,0.32,19,-1
220,55,256.77,0.54,50.62,43.05,0.54,9,-1
220,62,263.36,1.40,43.21,39.17,0.26,19,-1
221,55,256.30,0.60,50.37,42.33,0.50,9,-1
221,62,263.90,1.19,42.67,38.68,0.24,19,-1
222,55,258.99,0.96,48.69,40.66,0.41,9,-1
222,62,266.02,1.44,41.47,37.67,0.32,19,-1
223,55,260.14,1.12,48.16,40.08,0.51,9,-1
223,62,266.65,1.61,40.42,36.73,0.26,19,-1
224,55,262.57,0.60,48.37,41.10,0.49,9,-1
225,55,261.81,0.93,47.82,40.58,0.42,9,-1
225,62,267.31,1.67,39.23,35.75,0.22,19,-1
226,55,260.81,1.03,47.48,40.19,0.41,9,-1
227,55,261.45,0.98,47.97,40.98,0.36,9,-1
228,55,263.20,0.69,48.59,42.70,0.41,9,-1
229,55,265.83,0.51,47.36,43.14,0.50,9,-1
230,55,264.31,1.38,44.52,41.46,0.23,9,-1
230,63,466.73,1.33,56.34,40.36,0.25,24,-1
231,63,457.53,10.98,66.04,47.64,0.79,24,-1
232,63,443.00,23.12,65.82,47.83,0.78,24,-1
233,63,432.94,30.89,65.09,47.80,0.73,24,-1
234,63,419.25,40.64,63.08,46.73,0.38,24,-1
301,68,258.48,198.04,71.14,77.05,0.69,20,-1
302,68,259.56,185.71,73.06,79.15,0.43,20,-1
303,68,260.70,175.20,75.27,81.45,0.35,20,-1
305,71,258.51,159.35,90.61,77.03,0.73,4,-1
306,71,264.86,151.08,85.79,72.56,0.61,4,-1
306,72,263.68,151.84,87.50,72.44,0.35,7,-1
307,72,266.55,143.97,87.74,72.28,0.38,7,-1
308,68,278.26,146.26,70.02,73.93,0.26,20,-1
309,72,285.17,136.71,84.25,68.39,0.48,7,-1
309,68,292.98,136.15,67.06,68.34,0.49,20,-1
310,72,293.27,138.87,81.51,64.82,0.41,7,-1
310,68,300.89,136.29,66.84,65.17,0.66,20,-1
311,73,296.15,139.66,94.86,62.46,0.27,5,-1
311,72,308.03,139.22,79.00,61.00,0.20,7,-1
311,68,315.51,136.64,66.05,60.77,0.41,20,-1
312,72,316.69,136.45,80.28,59.99,0.29,7,-1
312,68,323.89,135.24,66.84,57.73,0.27,20,-1
313,71,327.28,133.74,70.41,57.50,0.29,4,-1
313,72,325.19,133.73,79.35,57.06,0.26,7,-1
313,68,331.12,132.96,68.75,55.45,0.61,20,-1
314,72,334.79,126.88,83.12,57.61,0.57,7,-1
314,68,338.65,125.66,75.39,57.32,0.67,20,-1
315,72,337.97,121.00,89.23,59.97,0.79,7,-1
315,68,342.43,120.13,81.58,58.77,0.52,20,-1
316,72,343.64,109.37,95.18,62.24,0.50,7,-1
316,68,346.98,108.53,88.72,61.20,0.64,20,-1
317,72,351.25,95.38,101.71,65.14,0.72,7,-1
317,68,353.61,94.46,96.94,64.74,0.55,20,-1
318,72,360.48,78.62,110.77,70.38,0.84,7,-1
319,72,368.58,67.71,114.69,72.16,0.80,7,-1
319,68,370.39,69.28,109.37,70.62,0.73,20,-1
320,72,382.05,55.29,117.74,73.05,0.89,7,-1
320,68,383.58,55.56,114.94,72.57,0.73,20,-1
321,72,402.67,48.44,115.51,69.53,0.84,7,-1
321,68,402.86,47.50,113.66,69.09,0.68,20,-1
322,72,420.88,45.34,115.12,68.14,0.52,7,-1
322,68,419.18,44.37,114.60,67.97,0.34,20,-1
322,75,411.14,46.39,54.43,40.78,0.71,20,-1
323,68,441.55,48.91,108.95,62.41,0.62,20,-1
323,75,432.53,52.84,56.65,42.46,0.58,20,-1
324,75,457.18,71.74,58.88,44.24,0.76,20,-1
325,75,475.62,88.72,58.38,44.24,0.75,20,-1
326,75,489.10,105.87,57.00,43.47,0.68,20,-1
327,75,499.02,104.10,89.29,70.09,0.39,20,-1
328,75,511.07,95.19,112.57,91.55,0.61,20,-1
333,72,504.23,27.49,138.69,91.80,0.54,7,-1
334,76,552.09,25.02,45.73,96.28,0.31,20,-1
336,77,522.15,72.96,30.82,27.58,0.38,20,-1
336,76,535.91,17.53,40.30,82.95,0.20,20,-1
337,76,530.57,14.97,38.10,78.40,0.20,20,-1
