60,333,392.27,343.51,93.34,83.21,0.45,6,-1
62,335,399.42,54.86,39.51,48.10,0.39,0,-1
135,336,213.51,283.33,45.77,29.71,0.47,14,-1
136,336,210.03,279.73,50.59,32.92,0.81,14,-1
137,336,213.49,273.70,54.30,35.24,0.71,14,-1
138,336,220.41,268.22,55.20,35.32,0.80,14,-1
139,336,221.91,262.90,59.31,37.53,0.85,14,-1
140,336,226.09,253.73,62.91,39.23,0.83,14,-1
141,336,229.68,245.09,67.51,41.47,0.85,14,-1
142,336,234.97,233.34,71.18,42.91,0.87,14,-1
143,336,236.51,223.96,78.93,47.08,0.85,14,-1
144,336,246.48,217.83,78.68,46.02,0.89,14,-1
145,336,254.78,213.50,77.36,44.16,0.86,14,-1
146,336,258.97,202.70,87.73,50.41,0.84,14,-1
147,336,263.47,195.04,93.82,54.61,0.83,14,-1
148,336,270.24,182.27,102.90,62.09,0.82,14,-1
149,336,276.61,171.09,108.74,69.09,0.80,14,-1
150,336,284.80,154.15,115.29,79.04,0.85,14,-1
151,336,291.10,141.01,115.67,86.37,0.83,14,-1
152,336,300.06,124.92,112.42,92.30,0.84,14,-1
153,336,308.98,114.66,105.58,95.50,0.87,14,-1
154,336,315.64,101.72,97.96,98.40,0.83,14,-1
155,336,320.44,93.89,90.02,100.51,0.84,14,-1
156,336,324.97,86.65,82.14,102.00,0.84,14,-1
157,336,328.92,82.12,73.95,101.52,0.84,14,-1
158,336,329.19,77.90,67.85,102.73,0.86,14,-1
159,336,330.76,77.17,60.28,100.23,0.85,14,-1
160,336,329.79,76.13,53.26,97.39,0.74,14,-1
161,336,329.16,74.70,48.37,96.58,0.81,14,-1
162,336,329.74,76.75,43.04,92.65,0.73,14,-1
163,337,325.12,76.16,44.51,93.11,0.77,0,-1
164,337,324.26,76.07,44.24,92.54,0.76,0,-1
165,337,322.37,74.15,44.78,93.76,0.73,0,-1
165,336,329.44,73.32,33.84,92.83,0.59,14,-1
166,336,328.42,79.57,31.98,90.78,0.76,14,-1
167,336,327.85,84.72,31.65,93.39,0.82,14,-1
168,336,328.29,101.12,30.94,93.49,0.82,14,-1
169,336,332.80,130.73,29.22,88.03,0.83,14,-1
170,336,336.29,153.18,28.29,83.42,0.82,14,-1
171,336,340.73,180.93,28.08,77.93,0.83,14,-1
172,336,344.04,199.90,28.84,72.92,0.83,14,-1
173,336,346.33,218.18,30.86,70.71,0.83,14,-1
174,336,347.07,228.37,32.56,68.19,0.83,14,-1
175,336,347.43,233.21,34.73,68.76,0.83,14,-1
176,336,347.28,234.35,36.60,69.14,0.82,14,-1
177,336,345.28,233.24,38.76,71.19,0.82,14,-1
178,336,343.91,232.85,39.60,71.80,0.81,14,-1
179,336,342.30,235.33,39.47,70.56,0.81,14,-1
180,336,341.40,237.89,39.02,68.23,0.80,14,-1
181,336,338.67,239.55,39.41,67.63,0.80,14,-1
182,336,336.14,239.43,40.53,68.40,0.81,14,-1
183,336,334.04,239.54,42.34,70.35,0.81,14,-1
184,336,332.75,238.85,44.29,72.41,0.81,14,-1
185,336,332.37,239.19,45.20,72.25,0.82,14,-1
186,336,331.71,238.63,46.44,72.75,0.83,14,-1
187,336,331.60,238.65,46.87,71.80,0.81,14,-1
188,336,332.00,238.44,47.73,72.04,0.81,14,-1
189,336,333.19,237.41,49.85,74.46,0.81,14,-1
190,336,333.85,236.14,51.14,76.25,0.81,14,-1
191,336,333.83,232.74,54.14,80.96,0.80,14,-1
192,336,334.29,230.77,54.95,82.29,0.81,14,-1
193,336,334.65,231.05,55.02,82.53,0.80,14,-1
194,336,334.49,230.91,55.22,82.89,0.80,14,-1
195,336,333.74,229.75,56.20,84.54,0.81,14,-1
196,336,332.74,229.71,57.63,87.73,0.82,14,-1
197,336,332.63,229.48,56.77,87.41,0.81,14,-1
198,336,333.30,229.33,54.87,84.68,0.81,14,-1
199,336,333.37,228.45,54.58,84.96,0.82,14,-1
200,336,331.83,225.27,53.96,84.85,0.82,14,-1
201,336,331.92,223.16,51.80,81.81,0.81,14,-1
202,336,330.59,218.57,51.96,82.41,0.83,14,-1
203,336,329.75,213.96,52.41,83.55,0.83,14,-1
204,336,329.85,208.11,51.70,83.06,0.82,14,-1
205,336,329.92,201.37,52.22,85.21,0.83,14,-1
206,336,329.63,197.93,52.39,86.26,0.82,14,-1
207,336,328.90,194.06,52.75,87.08,0.82,14,-1
208,336,328.95,191.99,51.88,85.63,0.82,14,-1
209,336,328.26,189.96,50.81,84.10,0.81,14,-1
210,336,327.52,188.19,50.00,83.48,0.82,14,-1
211,336,328.09,187.40,47.56,79.81,0.81,14,-1
212,336,328.21,184.86,46.68,78.57,0.80,14,-1
213,338,330.13,253.98,36.00,55.26,0.77,9,-1
213,336,328.25,179.46,46.36,78.49,0.81,14,-1
214,338,330.44,251.27,33.94,52.03,0.84,9,-1
214,336,328.40,175.80,46.18,78.14,0.81,14,-1
215,338,326.99,242.91,37.84,58.11,0.84,9,-1
215,336,329.30,172.51,44.56,75.51,0.80,14,-1
216,338,323.42,240.21,42.96,66.23,0.80,9,-1
216,336,330.42,171.05,43.46,73.36,0.80,14,-1
217,338,319.79,233.02,45.37,70.16,0.82,9,-1
217,336,331.94,164.19,43.73,73.80,0.80,14,-1
218,338,317.60,228.44,47.16,73.45,0.83,9,-1
218,336,334.69,160.42,43.47,72.62,0.80,14,-1
219,338,312.77,222.24,48.21,75.67,0.83,9,-1
219,336,335.59,152.34,45.68,74.74,0.82,14,-1
220,338,308.89,217.32,49.56,78.80,0.85,9,-1
220,336,335.79,146.30,47.16,75.43,0.79,14,-1
221,338,304.41,212.51,50.47,81.17,0.86,9,-1
221,336,337.34,143.71,48.25,73.32,0.80,14,-1
222,338,298.34,207.88,52.59,85.07,0.87,9,-1
222,336,338.91,142.84,49.04,69.94,0.79,14,-1
223,338,293.67,203.91,54.39,88.39,0.88,9,-1
223,336,339.07,143.81,50.32,66.65,0.76,14,-1
224,338,286.56,200.42,55.90,91.12,0.87,9,-1
224,336,339.79,150.17,50.68,58.32,0.81,14,-1
225,338,281.10,196.01,57.89,94.49,0.87,9,-1
225,336,338.15,153.66,55.21,55.40,0.82,14,-1
226,338,271.01,190.93,59.62,95.86,0.88,9,-1
226,336,336.21,157.15,59.54,50.98,0.84,14,-1
227,338,264.22,185.89,61.56,97.03,0.88,9,-1
227,336,332.05,157.09,68.06,51.41,0.84,14,-1
228,338,258.14,183.67,61.36,93.28,0.88,9,-1
228,336,326.58,156.35,80.24,54.95,0.84,14,-1
229,338,253.78,184.92,61.07,89.12,0.87,9,-1
229,336,322.06,156.70,90.76,57.71,0.85,14,-1
230,338,249.12,180.74,65.58,92.70,0.87,9,-1
230,336,317.29,155.05,105.70,64.37,0.85,14,-1
231,338,247.44,180.30,67.62,92.80,0.88,9,-1
231,336,314.76,153.85,114.98,67.55,0.85,14,-1
232,338,247.21,176.37,71.02,94.94,0.89,9,-1
232,336,314.09,146.98,126.35,72.30,0.87,14,-1
233,338,247.46,172.62,73.48,96.29,0.89,9,-1
233,336,313.36,140.37,135.06,75.72,0.87,14,-1
234,338,246.33,161.48,79.66,103.49,0.88,9,-1
234,336,313.75,128.85,143.34,79.52,0.88,14,-1
235,338,245.14,151.52,84.97,110.45,0.88,9,-1
235,336,314.30,120.75,149.08,81.95,0.89,14,-1
236,338,243.69,136.66,92.92,120.53,0.88,9,-1
236,336,315.56,109.17,159.38,88.07,0.89,14,-1
237,338,242.87,125.99,98.40,127.63,0.86,9,-1
237,336,318.80,100.35,164.01,91.16,0.89,14,-1
238,338,243.24,112.21,105.16,137.04,0.89,9,-1
238,336,320.63,83.28,174.64,98.69,0.89,14,-1
239,338,243.99,103.27,108.49,142.03,0.89,9,-1
239,336,323.05,70.85,179.10,103.31,0.89,14,-1
240,338,245.21,86.20,114.97,150.82,0.90,9,-1
240,336,327.95,52.25,182.90,108.20,0.89,14,-1
241,338,246.91,76.45,117.96,154.37,0.87,9,-1
241,336,332.93,37.39,183.11,111.49,0.88,14,-1
242,338,250.69,46.59,133.94,175.38,0.83,9,-1
242,336,342.04,14.49,184.80,117.91,0.87,14,-1
243,338,255.73,23.16,144.09,190.38,0.71,9,-1
243,336,354.56,2.94,173.83,116.44,0.87,14,-1
244,338,272.39,3.71,147.45,199.24,0.55,9,-1
244,336,381.55,-1.36,141.14,100.94,0.81,14,-1
245,338,291.54,-3.60,143.06,194.35,0.69,9,-1
245,336,401.23,-2.58,113.54,86.04,0.82,14,-1
246,338,327.35,-5.20,123.28,171.96,0.89,9,-1
247,338,360.19,-6.41,108.64,157.18,0.84,9,-1
248,338,415.43,-5.13,88.94,130.37,0.86,9,-1
249,338,479.92,-2.58,68.52,94.78,0.56,9,-1
250,338,515.03,-1.30,57.14,70.49,0.63,9,-1
251,338,553.83,-0.76,42.90,40.00,0.75,9,-1
252,338,562.09,0.41,34.73,24.46,0.59,9,-1
