234,59,338.25,167.54,32.05,35.64,0.73,0,-1
235,59,329.63,172.83,35.25,39.22,0.83,0,-1
236,59,325.26,182.73,31.97,35.38,0.83,0,-1
237,59,316.18,196.44,28.21,30.66,0.82,0,-1
238,59,310.70,207.01,24.66,26.01,0.84,0,-1
239,59,298.66,215.91,31.23,32.59,0.85,0,-1
240,59,290.22,221.26,35.27,36.62,0.86,0,-1
241,59,284.20,225.38,38.05,39.37,0.86,0,-1
242,59,276.85,229.27,40.70,42.33,0.87,0,-1
243,59,273.21,231.49,42.04,44.28,0.85,0,-1
244,59,271.51,232.81,41.66,44.44,0.86,0,-1
245,59,273.74,232.25,38.49,41.46,0.81,0,-1
246,59,277.70,230.63,27.37,28.91,0.81,0,-1
247,59,276.52,226.36,30.78,31.89,0.57,0,-1
248,59,267.78,223.26,42.98,43.60,0.75,0,-1
248,61,293.01,221.14,26.03,24.34,0.72,0,-1
249,59,259.80,217.52,57.19,57.10,0.66,0,-1
249,61,298.50,212.24,29.85,27.93,0.76,0,-1
250,61,300.87,208.39,31.50,29.48,0.76,0,-1
251,61,285.92,200.70,43.68,39.73,0.87,0,-1
252,61,284.13,195.65,48.52,42.82,0.84,0,-1
253,61,287.09,190.29,49.71,42.16,0.86,0,-1
254,61,289.08,187.72,50.88,41.32,0.88,0,-1
255,61,288.87,189.21,52.39,40.77,0.86,0,-1
256,61,286.60,197.09,53.66,40.15,0.86,0,-1
257,61,280.33,209.48,56.69,41.26,0.84,0,-1
258,61,273.49,218.00,62.46,44.72,0.83,0,-1
259,61,265.04,227.68,71.93,52.09,0.57,0,-1
260,61,264.24,232.97,71.55,52.66,0.70,0,-1
260,64,310.52,236.80,20.69,22.40,0.77,0,-1
261,64,307.14,243.85,19.80,21.43,0.83,0,-1
262,64,302.74,250.58,20.29,21.95,0.82,0,-1
263,64,300.07,253.90,19.75,21.36,0.80,0,-1
264,64,297.09,256.35,18.79,20.25,0.84,0,-1
265,64,295.05,257.36,18.82,20.25,0.82,0,-1
266,64,292.69,258.91,18.25,19.60,0.81,0,-1
267,64,289.58,259.91,18.39,19.66,0.83,0,-1
268,64,287.27,261.61,18.67,19.88,0.84,0,-1
269,64,284.68,264.54,18.58,19.64,0.82,0,-1
270,64,283.18,266.36,18.67,19.60,0.80,0,-1
271,64,280.62,266.85,20.03,20.97,0.75,0,-1
272,64,277.47,268.52,20.34,21.29,0.79,0,-1
272,61,275.29,263.56,35.19,27.00,0.60,0,-1
273,61,275.78,266.21,32.91,25.25,0.60,0,-1
274,64,273.92,271.17,19.20,20.08,0.79,0,-1
275,64,272.65,271.09,19.15,19.99,0.80,0,-1
276,64,271.08,271.34,18.71,19.50,0.81,0,-1
277,64,269.80,270.64,19.02,19.85,0.81,0,-1
278,64,269.32,270.25,19.30,20.14,0.81,0,-1
279,64,269.62,269.77,19.71,20.64,0.80,0,-1
280,64,270.68,270.37,18.92,19.72,0.79,0,-1
281,64,271.80,269.20,19.20,19.93,0.81,0,-1
282,64,274.07,266.70,19.82,20.55,0.81,0,-1
283,64,276.58,263.32,20.68,21.52,0.82,0,-1
284,64,280.67,257.11,21.80,22.77,0.82,0,-1
285,64,280.60,248.66,28.47,29.80,0.51,0,-1
286,64,289.46,241.12,26.23,27.62,0.78,0,-1
287,64,281.31,230.63,39.66,39.55,0.81,0,-1
288,64,276.70,221.68,52.26,50.22,0.83,0,-1
289,64,276.75,208.35,64.47,59.38,0.87,0,-1
290,64,278.52,193.18,76.17,67.24,0.89,0,-1
291,64,279.03,181.60,86.59,74.23,0.90,0,-1
292,64,279.28,172.99,95.21,80.05,0.92,0,-1
293,64,280.59,166.60,100.59,83.56,0.88,0,-1
294,64,281.48,162.70,105.14,86.24,0.86,0,-1
295,64,281.64,161.30,106.64,86.23,0.86,0,-1
296,64,275.84,163.72,102.36,83.27,0.79,0,-1
297,64,271.01,165.23,98.55,81.20,0.81,0,-1
298,64,269.06,166.48,93.36,78.37,0.81,0,-1
299,64,269.38,167.45,89.52,76.47,0.78,0,-1
300,64,269.92,167.62,87.07,75.70,0.78,0,-1
301,64,272.62,165.64,87.06,76.56,0.76,0,-1
302,64,281.11,158.90,94.02,81.62,0.80,0,-1
303,64,284.59,157.58,96.89,82.93,0.87,0,-1
304,64,285.44,157.76,98.15,83.24,0.88,0,-1
305,64,283.17,160.30,98.27,82.92,0.87,0,-1
306,64,282.50,163.01,94.91,79.59,0.87,0,-1
307,64,283.72,166.34,89.10,74.59,0.86,0,-1
308,64,287.43,174.47,75.54,63.20,0.73,0,-1
309,64,315.33,183.52,40.01,34.33,0.66,0,-1
309,67,338.52,141.87,45.12,45.29,0.85,2,-1
310,64,319.68,193.63,26.75,23.58,0.82,0,-1
310,67,330.13,147.11,49.28,49.53,0.84,2,-1
311,67,312.99,158.93,57.20,57.64,0.90,2,-1
312,67,302.26,173.81,57.99,58.37,0.87,2,-1
313,67,292.66,186.58,58.55,58.84,0.87,2,-1
314,67,278.87,209.06,57.96,57.99,0.87,2,-1
315,67,268.44,226.68,57.34,56.96,0.86,2,-1
316,67,255.67,249.32,55.67,55.04,0.87,2,-1
317,67,246.61,266.46,53.69,52.57,0.89,2,-1
318,67,237.01,289.71,50.48,48.78,0.87,2,-1
319,67,228.69,304.91,50.55,48.33,0.88,2,-1
320,67,221.10,324.86,48.84,45.85,0.87,2,-1
321,67,212.18,342.73,47.53,44.02,0.84,2,-1
322,67,205.36,353.88,48.83,44.39,0.86,2,-1
323,67,195.40,367.52,50.38,45.29,0.88,2,-1
324,67,187.74,376.69,52.13,46.33,0.87,2,-1
325,67,178.74,388.19,54.98,48.57,0.87,2,-1
326,83,170.10,440.50,19.55,18.46,0.66,0,-1
326,67,171.84,396.31,57.05,49.97,0.87,2,-1
327,67,164.07,406.59,58.76,51.09,0.89,2,-1
328,67,154.35,416.67,61.42,53.38,0.87,2,-1
329,67,147.33,422.49,65.71,57.27,0.88,2,-1
330,67,140.96,428.51,65.95,57.10,0.84,2,-1
