48,11,237.76,405.24,49.44,61.64,0.84,21,-1
49,9,427.53,320.62,57.27,49.13,0.83,6,-1
49,10,387.29,298.17,45.97,47.05,0.84,15,-1
49,11,237.83,405.31,49.17,61.28,0.82,21,-1
50,12,495.23,351.18,137.58,94.02,0.89,3,-1
50,9,428.14,319.96,57.24,49.06,0.86,6,-1
50,10,386.47,297.64,46.17,47.25,0.84,15,-1
50,11,237.70,404.82,49.37,61.49,0.84,21,-1
51,12,497.21,353.19,133.98,91.37,0.89,3,-1
51,9,428.64,319.61,57.43,49.13,0.87,6,-1
51,10,386.15,297.46,46.56,47.65,0.84,15,-1
51,11,237.23,404.34,49.96,62.20,0.84,21,-1
52,12,490.69,348.60,146.56,99.90,0.55,3,-1
52,9,426.47,320.21,55.70,47.55,0.85,6,-1
52,10,385.24,297.38,47.21,48.38,0.84,15,-1
52,11,237.62,403.15,49.12,61.02,0.82,21,-1
67,10,385.33,298.39,47.66,48.64,0.69,15,-1
68,9,425.21,320.18,55.83,47.54,0.72,6,-1
68,10,384.90,298.04,47.72,48.62,0.80,15,-1
69,9,423.85,320.04,55.45,47.09,0.78,6,-1
69,10,384.81,298.23,47.43,48.35,0.84,15,-1
69,11,236.47,400.83,51.34,63.55,0.60,21,-1
70,9,423.66,320.22,55.22,46.69,0.79,6,-1
70,10,385.40,297.86,47.88,48.82,0.83,15,-1
70,11,234.36,398.91,53.19,65.44,0.66,21,-1
71,9,424.25,319.17,56.18,47.42,0.84,6,-1
71,10,385.75,297.72,47.38,48.31,0.84,15,-1
71,11,234.00,400.02,52.88,64.85,0.84,21,-1
72,9,424.49,318.72,56.49,47.58,0.86,6,-1
72,10,386.05,298.14,46.97,47.80,0.83,15,-1
72,11,234.62,400.89,51.65,63.09,0.84,21,-1
73,9,426.33,318.80,57.61,48.66,0.82,6,-1
73,10,385.92,297.79,47.21,48.08,0.84,15,-1
73,11,234.91,401.55,51.32,62.50,0.84,21,-1
74,9,427.50,319.52,56.57,47.75,0.86,6,-1
74,10,386.06,298.07,46.76,47.68,0.83,15,-1
74,11,235.06,401.61,51.53,62.60,0.84,21,-1
75,12,485.91,345.22,146.79,101.98,0.54,3,-1
75,9,427.56,319.97,56.07,47.20,0.86,6,-1
75,10,384.70,297.85,47.36,48.23,0.84,15,-1
75,11,235.33,401.51,52.00,62.89,0.84,21,-1
76,12,489.15,347.56,134.16,93.82,0.67,3,-1
76,9,426.72,319.92,55.18,46.18,0.88,6,-1
76,10,383.92,297.98,47.13,47.90,0.84,15,-1
76,11,236.37,401.06,52.57,63.52,0.84,21,-1
77,12,492.21,348.67,133.79,92.78,0.78,3,-1
77,9,426.42,320.06,54.87,45.63,0.87,6,-1
77,10,383.98,297.92,47.29,48.17,0.85,15,-1
77,11,236.76,400.86,52.79,63.66,0.83,21,-1
78,12,493.58,350.63,136.74,93.41,0.81,3,-1
78,9,426.27,319.78,55.98,46.47,0.88,6,-1
78,10,384.14,297.34,47.82,48.79,0.86,15,-1
78,11,235.90,401.90,52.30,62.84,0.82,21,-1
79,12,493.65,351.03,138.90,93.25,0.83,3,-1
79,9,426.06,319.43,57.34,47.44,0.87,6,-1
79,10,383.82,296.32,48.07,49.25,0.87,15,-1
79,11,235.72,401.89,52.53,63.25,0.82,21,-1
80,12,494.79,352.35,139.07,91.84,0.85,3,-1
80,9,426.33,319.41,57.59,47.56,0.88,6,-1
80,10,383.41,295.89,48.75,50.07,0.88,15,-1
80,11,235.77,403.02,51.66,62.22,0.82,21,-1
81,12,494.14,352.69,142.51,93.01,0.86,3,-1
81,9,426.31,319.31,57.92,47.71,0.88,6,-1
81,10,383.35,295.82,49.02,50.47,0.88,15,-1
81,11,235.73,403.63,51.17,61.61,0.82,21,-1
82,12,491.66,353.87,143.01,93.48,0.68,3,-1
82,9,425.87,319.03,58.70,48.18,0.88,6,-1
82,10,383.57,295.84,48.68,50.32,0.88,15,-1
82,11,235.37,403.71,51.39,61.90,0.83,21,-1
83,12,493.11,354.24,142.39,92.81,0.52,3,-1
83,9,425.61,318.92,59.06,48.34,0.88,6,-1
83,10,384.27,295.88,48.07,49.88,0.88,15,-1
83,11,235.38,403.88,51.44,61.94,0.84,21,-1
84,12,474.60,354.22,118.14,81.59,0.54,3,-1
84,9,426.46,319.01,58.72,47.96,0.88,6,-1
84,10,384.73,295.72,48.10,49.91,0.88,15,-1
84,11,236.11,404.23,50.82,61.20,0.84,21,-1
85,12,475.63,351.09,122.68,87.26,0.74,3,-1
85,9,426.64,318.81,59.27,48.33,0.88,6,-1
85,10,385.07,295.66,48.04,49.87,0.87,15,-1
85,11,236.20,404.41,50.62,60.97,0.84,21,-1
86,12,490.49,345.97,129.91,90.66,0.83,3,-1
86,9,426.26,318.86,59.35,48.32,0.87,6,-1
86,10,385.21,295.67,47.68,49.54,0.87,15,-1
86,11,236.07,404.25,50.77,61.15,0.84,21,-1
87,12,502.67,335.51,125.81,85.85,0.87,3,-1
87,9,426.01,318.85,59.80,48.61,0.87,6,-1
87,10,385.27,295.70,47.52,49.41,0.87,15,-1
87,11,235.90,404.23,50.73,61.08,0.84,21,-1
88,12,504.64,310.97,124.48,84.14,0.64,3,-1
88,9,425.80,318.77,60.34,49.00,0.87,6,-1
88,10,385.29,295.70,47.48,49.41,0.87,15,-1
88,11,235.85,404.25,50.67,60.97,0.84,21,-1
89,12,465.24,238.15,212.98,151.79,0.86,3,-1
89,9,425.53,318.71,60.78,49.32,0.87,6,-1
89,10,384.97,295.85,47.63,49.72,0.87,15,-1
89,11,235.84,404.28,50.61,60.88,0.84,21,-1
90,12,440.88,187.38,268.12,203.67,0.77,3,-1
90,9,425.39,318.71,61.19,49.58,0.88,6,-1
90,10,384.79,295.90,47.77,50.08,0.87,15,-1
90,11,235.83,404.25,50.63,60.89,0.84,21,-1
91,12,433.83,134.59,294.87,240.12,0.88,3,-1
91,9,425.35,318.70,61.22,49.52,0.87,6,-1
91,10,384.80,295.91,47.69,50.19,0.87,15,-1
91,11,235.70,404.27,50.67,60.94,0.84,21,-1
92,12,425.75,95.83,311.01,270.45,0.87,3,-1
92,9,425.30,318.62,61.75,49.90,0.87,6,-1
92,10,384.92,295.94,47.44,50.09,0.87,15,-1
92,11,235.66,404.20,50.76,61.06,0.84,21,-1
93,12,424.87,35.25,295.73,274.53,0.84,3,-1
93,9,425.61,318.62,61.92,49.85,0.87,6,-1
93,10,384.98,296.01,47.25,50.04,0.87,15,-1
93,11,235.54,404.05,50.93,61.27,0.84,21,-1
94,12,424.27,5.13,265.80,261.76,0.86,3,-1
94,9,425.79,318.74,61.94,49.71,0.87,6,-1
94,10,385.12,296.07,46.91,49.80,0.87,15,-1
94,11,235.56,404.10,50.81,61.12,0.84,21,-1
95,12,425.15,-4.12,226.70,236.24,0.86,3,-1
95,9,425.45,318.55,62.42,50.10,0.88,6,-1
95,10,385.30,296.10,46.74,49.73,0.87,15,-1
95,11,235.52,404.13,50.83,61.15,0.83,21,-1
96,12,418.06,-7.87,199.77,219.98,0.86,3,-1
96,9,425.39,318.50,62.56,50.22,0.88,6,-1
96,10,385.48,296.11,46.48,49.56,0.87,15,-1
96,11,235.46,404.34,50.86,61.17,0.83,21,-1
97,12,410.24,-5.40,179.48,208.02,0.85,3,-1
97,9,425.40,318.47,62.70,50.33,0.88,6,-1
97,10,385.72,296.14,46.18,49.31,0.86,15,-1
97,11,235.36,404.41,50.97,61.28,0.83,21,-1
98,12,402.95,-3.74,160.84,195.36,0.88,3,-1
98,9,425.36,318.38,62.87,50.50,0.88,6,-1
98,10,385.82,296.07,46.09,49.28,0.86,15,-1
98,11,235.35,404.52,50.92,61.22,0.83,21,-1
99,12,410.38,17.97,137.54,172.18,0.90,3,-1
99,9,425.28,318.33,63.07,50.70,0.87,6,-1
99,10,385.80,295.99,46.15,49.39,0.86,15,-1
99,11,235.27,404.50,51.00,61.29,0.83,21,-1
100,12,422.96,48.68,114.33,143.95,0.92,3,-1
100,9,426.54,319.21,62.71,50.34,0.87,6,-1
100,10,386.17,296.65,45.60,48.71,0.85,15,-1
100,11,236.01,402.68,52.80,63.48,0.83,21,-1
101,12,439.70,81.34,92.95,115.05,0.91,3,-1
101,9,427.01,319.55,62.49,50.11,0.87,6,-1
101,10,386.31,296.92,45.43,48.44,0.85,15,-1
101,11,236.27,402.00,53.48,64.31,0.83,21,-1
102,12,457.66,102.94,78.81,93.51,0.89,3,-1
102,9,427.08,319.77,62.53,50.09,0.87,6,-1
102,10,386.30,297.03,45.39,48.31,0.86,15,-1
102,11,236.34,401.69,53.77,64.67,0.84,21,-1
103,12,482.87,113.50,72.21,80.26,0.89,3,-1
103,9,426.90,319.89,62.69,50.14,0.87,6,-1
103,10,386.23,297.02,45.47,48.31,0.86,15,-1
103,11,236.36,401.60,53.85,64.77,0.84,21,-1
104,12,498.38,112.26,73.53,78.77,0.89,3,-1
104,9,426.66,319.89,63.02,50.36,0.87,6,-1
104,10,386.16,296.97,45.63,48.42,0.86,15,-1
104,11,236.45,401.56,53.75,64.65,0.84,21,-1
105,12,510.81,108.11,73.70,76.92,0.88,3,-1
105,9,426.56,319.87,63.17,50.46,0.87,6,-1
105,10,386.10,296.93,45.80,48.56,0.86,15,-1
105,11,236.43,401.66,53.62,64.50,0.84,21,-1
106,12,517.50,95.36,80.00,82.98,0.89,3,-1
106,9,426.53,319.88,63.21,50.47,0.87,6,-1
106,10,386.02,296.98,45.88,48.59,0.86,15,-1
106,11,236.46,401.74,53.54,64.40,0.84,21,-1
107,12,525.85,90.05,79.51,81.90,0.89,3,-1
107,9,426.45,319.91,63.32,50.53,0.87,6,-1
107,10,385.94,296.98,46.02,48.68,0.86,15,-1
107,11,236.54,401.79,53.45,64.29,0.84,21,-1
108,12,541.00,82.40,69.66,70.41,0.82,3,-1
108,9,426.55,319.97,63.22,50.41,0.87,6,-1
108,10,385.97,296.98,46.03,48.65,0.86,15,-1
108,11,236.57,401.81,53.38,64.19,0.84,21,-1
109,12,567.80,75.73,48.91,49.63,0.85,3,-1
109,9,426.56,320.00,63.11,50.29,0.87,6,-1
109,10,385.89,296.92,46.11,48.72,0.86,15,-1
109,11,236.57,401.88,53.33,64.13,0.84,21,-1
110,12,573.75,70.92,41.98,42.76,0.87,3,-1
110,9,426.66,319.98,63.02,50.17,0.87,6,-1
110,10,385.87,296.92,46.07,48.67,0.86,15,-1
110,11,236.54,401.86,53.35,64.15,0.84,21,-1
111,12,574.14,69.20,40.15,41.36,0.88,3,-1
111,9,426.58,319.92,63.06,50.19,0.87,6,-1
111,10,385.93,296.93,46.00,48.59,0.86,15,-1
111,11,236.59,401.92,53.20,63.94,0.84,21,-1
112,12,571.62,68.85,40.66,42.53,0.87,3,-1
112,9,426.52,319.90,63.18,50.29,0.87,6,-1
112,10,386.00,296.94,45.90,48.47,0.86,15,-1
112,11,236.61,401.99,53.11,63.80,0.84,21,-1
113,12,566.69,68.89,39.90,42.41,0.87,3,-1
113,9,426.61,319.88,63.23,50.33,0.87,6,-1
113,10,386.02,296.96,45.84,48.39,0.86,15,-1
113,11,236.62,402.03,53.07,63.73,0.84,21,-1
114,12,562.65,69.05,39.64,42.63,0.89,3,-1
114,9,426.66,319.87,63.22,50.31,0.87,6,-1
114,10,386.03,297.00,45.82,48.35,0.86,15,-1
114,11,236.62,402.05,53.06,63.69,0.84,21,-1
115,12,558.70,69.45,39.04,42.18,0.87,3,-1
115,9,426.63,319.86,63.19,50.30,0.87,6,-1
115,10,386.03,297.01,45.82,48.33,0.86,15,-1
115,11,236.62,402.02,53.15,63.77,0.84,21,-1
116,12,555.44,69.97,39.39,42.84,0.89,3,-1
116,9,426.59,319.85,63.16,50.28,0.87,6,-1
116,10,386.02,296.99,45.83,48.33,0.86,15,-1
116,11,236.69,402.00,53.05,63.60,0.84,21,-1
117,12,553.75,70.85,38.87,42.46,0.88,3,-1
117,9,426.56,319.84,63.13,50.26,0.87,6,-1
117,10,386.01,296.98,45.85,48.34,0.86,15,-1
117,11,236.70,401.98,53.05,63.56,0.84,21,-1
118,12,550.83,72.45,40.19,43.72,0.88,3,-1
118,9,426.59,319.81,63.13,50.27,0.87,6,-1
118,10,385.98,296.99,45.84,48.32,0.86,15,-1
118,11,236.68,401.97,53.09,63.58,0.84,21,-1
119,12,549.00,73.47,41.40,45.03,0.86,3,-1
119,9,426.63,319.82,63.06,50.20,0.87,6,-1
119,10,386.00,297.03,45.80,48.26,0.86,15,-1
119,11,236.67,401.96,53.13,63.59,0.84,21,-1
120,12,547.83,74.83,42.22,46.03,0.88,3,-1
120,9,426.56,319.82,63.08,50.20,0.87,6,-1
120,10,385.97,297.05,45.77,48.21,0.86,15,-1
120,11,236.65,401.93,53.20,63.65,0.84,21,-1
121,12,547.92,77.85,41.81,45.97,0.87,3,-1
121,9,426.56,319.86,62.96,50.08,0.87,6,-1
121,10,385.96,297.06,45.75,48.18,0.86,15,-1
121,11,236.67,401.97,53.17,63.60,0.84,21,-1
122,12,546.13,79.50,42.00,46.52,0.87,3,-1
122,9,426.56,319.87,62.90,50.01,0.87,6,-1
122,10,385.95,297.06,45.77,48.17,0.86,15,-1
122,11,236.67,401.99,53.18,63.58,0.84,21,-1
123,12,543.71,81.61,42.43,47.41,0.88,3,-1
123,9,426.56,319.86,62.89,49.98,0.87,6,-1
123,10,385.94,297.05,45.75,48.15,0.86,15,-1
123,11,236.66,401.98,53.24,63.63,0.84,21,-1
124,12,542.12,83.64,42.53,47.92,0.87,3,-1
124,9,426.56,319.83,62.94,50.02,0.87,6,-1
124,10,385.88,297.01,45.81,48.21,0.86,15,-1
124,11,236.65,401.96,53.30,63.69,0.84,21,-1
125,12,540.83,85.12,43.10,48.95,0.86,3,-1
125,9,426.55,319.80,62.96,50.02,0.87,6,-1
125,10,385.82,296.98,45.87,48.27,0.86,15,-1
125,11,236.47,401.87,53.53,63.96,0.84,21,-1
126,12,539.52,86.54,42.93,49.00,0.86,3,-1
126,9,426.52,319.78,62.92,49.98,0.87,6,-1
126,10,385.88,297.01,45.84,48.25,0.86,15,-1
126,11,236.40,401.77,53.74,64.21,0.84,21,-1
127,12,538.17,87.76,43.27,49.72,0.85,3,-1
127,9,426.51,319.78,62.92,49.97,0.87,6,-1
127,10,385.91,297.02,45.83,48.25,0.86,15,-1
127,11,236.38,401.71,53.85,64.34,0.84,21,-1
128,12,535.21,89.19,44.41,51.68,0.86,3,-1
128,9,426.55,319.86,62.75,49.81,0.87,6,-1
128,10,385.94,297.02,45.75,48.16,0.86,15,-1
128,11,236.27,401.61,53.97,64.46,0.84,21,-1
129,12,533.36,91.35,44.48,52.32,0.87,3,-1
129,9,426.56,319.91,62.68,49.72,0.87,6,-1
129,10,385.96,297.04,45.69,48.10,0.86,15,-1
129,11,236.23,401.58,54.00,64.49,0.84,21,-1
130,12,531.43,93.30,44.11,52.25,0.86,3,-1
130,9,426.60,319.96,62.32,49.40,0.86,6,-1
130,10,385.96,297.05,45.69,48.10,0.86,15,-1
130,11,236.21,401.52,54.11,64.62,0.84,21,-1
131,12,529.54,94.92,43.74,52.05,0.85,3,-1
131,9,426.63,319.98,62.19,49.28,0.86,6,-1
131,10,385.94,297.06,45.69,48.09,0.86,15,-1
131,11,236.19,401.49,54.17,64.71,0.84,21,-1
132,12,527.20,96.79,44.18,52.86,0.88,3,-1
132,9,426.60,319.94,62.19,49.26,0.86,6,-1
132,10,385.85,296.84,45.73,48.11,0.85,15,-1
132,11,236.18,401.50,54.17,64.73,0.84,21,-1
133,12,523.50,99.83,44.23,53.00,0.87,3,-1
133,9,426.61,319.98,62.12,49.18,0.86,6,-1
133,10,385.86,296.80,45.69,48.04,0.85,15,-1
133,11,236.10,401.51,54.11,64.70,0.83,21,-1
134,12,520.98,102.23,43.30,51.82,0.86,3,-1
134,9,426.54,319.97,62.17,49.21,0.86,6,-1
134,10,385.84,296.76,45.67,47.99,0.85,15,-1
134,11,236.08,401.50,54.09,64.71,0.83,21,-1
135,12,518.35,103.22,43.47,52.12,0.86,3,-1
135,9,426.55,319.99,62.11,49.15,0.86,6,-1
135,10,385.83,296.77,45.65,47.96,0.86,15,-1
135,11,236.10,401.52,54.04,64.69,0.83,21,-1
136,12,516.45,104.91,43.27,51.82,0.87,3,-1
136,9,426.52,320.01,62.12,49.14,0.86,6,-1
136,10,385.77,296.81,45.67,47.96,0.86,15,-1
136,11,236.10,401.54,53.99,64.65,0.83,21,-1
137,12,514.88,105.94,43.28,51.59,0.87,3,-1
137,9,426.55,320.04,62.04,49.05,0.86,6,-1
137,10,385.74,296.82,45.71,47.99,0.86,15,-1
137,11,236.10,401.55,53.95,64.64,0.83,21,-1
138,12,512.26,108.50,43.47,51.75,0.86,3,-1
138,9,426.54,320.03,62.08,49.07,0.86,6,-1
138,10,385.69,296.84,45.73,48.01,0.85,15,-1
138,11,236.11,401.55,53.92,64.64,0.83,21,-1
139,12,510.54,112.35,42.14,49.90,0.84,3,-1
139,9,426.55,320.03,62.02,49.02,0.86,6,-1
139,10,385.74,296.93,45.66,47.91,0.85,15,-1
139,11,236.12,401.62,53.85,64.59,0.84,21,-1
140,12,508.85,114.88,41.05,48.24,0.84,3,-1
140,9,426.60,320.06,61.98,48.97,0.86,6,-1
140,10,385.73,297.00,45.62,47.86,0.85,15,-1
140,11,236.11,401.64,53.79,64.56,0.83,21,-1
141,12,506.44,117.92,39.82,46.56,0.84,3,-1
141,9,426.64,320.09,61.88,48.86,0.86,6,-1
141,10,385.76,297.03,45.56,47.78,0.85,15,-1
141,11,236.11,401.65,53.77,64.57,0.83,21,-1
142,12,504.59,120.75,38.52,44.49,0.85,3,-1
142,9,426.69,320.11,61.86,48.84,0.86,6,-1
142,10,385.73,297.02,45.66,47.87,0.85,15,-1
142,11,236.03,401.58,53.81,64.74,0.83,21,-1
143,12,498.71,121.76,39.72,45.92,0.86,3,-1
143,9,426.74,320.10,61.85,48.83,0.86,6,-1
143,10,385.72,297.01,45.76,47.95,0.85,15,-1
143,11,236.01,401.51,53.84,64.91,0.84,21,-1
144,12,495.67,124.77,38.71,44.52,0.84,3,-1
144,9,426.75,320.13,61.77,48.75,0.86,6,-1
144,10,385.71,297.02,45.78,47.94,0.85,15,-1
144,11,236.03,401.54,53.71,64.86,0.84,21,-1
145,12,493.48,126.78,37.73,42.76,0.86,3,-1
145,9,426.69,320.13,61.86,48.82,0.86,6,-1
145,10,385.71,297.01,45.82,47.96,0.85,15,-1
145,11,236.07,401.56,53.59,64.81,0.84,21,-1
146,12,490.85,130.02,36.24,40.68,0.86,3,-1
146,9,426.67,320.12,61.89,48.83,0.86,6,-1
146,10,385.76,297.07,45.75,47.86,0.85,15,-1
146,11,236.14,401.54,53.56,64.84,0.84,21,-1
147,12,488.98,132.33,35.35,39.29,0.86,3,-1
147,9,426.65,320.18,61.89,48.81,0.87,6,-1
147,10,385.74,297.09,45.78,47.86,0.85,15,-1
147,11,236.22,401.55,53.51,64.84,0.84,21,-1
148,12,485.14,134.17,35.44,39.14,0.86,3,-1
148,9,426.46,320.16,62.08,48.95,0.86,6,-1
148,10,385.74,297.13,45.83,47.89,0.85,15,-1
148,11,236.24,401.50,53.50,64.90,0.84,21,-1
149,12,482.40,136.45,34.37,37.50,0.85,3,-1
149,9,426.40,320.19,62.01,48.88,0.86,6,-1
149,10,385.76,297.12,45.87,47.89,0.85,15,-1
149,11,236.23,401.51,53.39,64.84,0.83,21,-1
150,12,480.68,138.12,33.73,36.28,0.86,3,-1
150,9,426.33,320.21,61.91,48.80,0.87,6,-1
150,10,386.11,296.73,45.79,47.86,0.85,15,-1
150,11,235.58,401.84,53.43,64.88,0.84,21,-1
151,12,478.38,138.99,33.02,35.07,0.86,3,-1
151,9,426.40,320.20,61.79,48.72,0.87,6,-1
151,10,386.26,296.57,45.74,47.84,0.85,15,-1
151,11,235.36,401.94,53.43,64.88,0.84,21,-1
152,12,476.57,139.96,32.57,34.01,0.85,3,-1
152,9,426.45,320.18,61.72,48.69,0.87,6,-1
152,10,386.31,296.51,45.73,47.86,0.85,15,-1
152,11,235.53,402.60,52.50,63.72,0.83,21,-1
153,12,473.39,140.66,33.15,34.09,0.84,3,-1
153,9,426.51,320.17,61.59,48.59,0.87,6,-1
153,10,386.29,296.45,45.74,47.91,0.85,15,-1
153,11,235.26,402.24,53.07,64.46,0.83,21,-1
154,12,471.35,141.49,33.22,33.68,0.84,3,-1
154,9,426.54,320.16,61.59,48.60,0.87,6,-1
154,10,386.31,296.42,45.72,47.92,0.85,15,-1
154,11,235.17,402.10,53.28,64.76,0.83,21,-1
155,12,469.53,141.90,33.57,33.49,0.83,3,-1
155,9,426.54,320.14,61.60,48.61,0.87,6,-1
155,10,386.31,296.41,45.69,47.91,0.85,15,-1
155,11,235.18,402.07,53.30,64.83,0.83,21,-1
156,12,467.01,142.38,34.01,33.56,0.84,3,-1
156,9,426.49,320.09,61.66,48.68,0.88,6,-1
156,10,386.34,296.42,45.60,47.86,0.85,15,-1
156,11,235.13,401.94,53.46,65.03,0.83,21,-1
157,12,465.44,142.56,34.18,33.46,0.83,3,-1
157,9,426.49,320.09,61.64,48.67,0.88,6,-1
157,10,386.40,296.44,45.50,47.78,0.85,15,-1
157,11,235.19,401.91,53.46,65.05,0.83,21,-1
158,12,462.03,143.11,34.86,33.88,0.84,3,-1
158,9,426.52,320.07,61.63,48.66,0.88,6,-1
158,10,386.43,296.44,45.44,47.74,0.85,15,-1
158,11,235.20,401.88,53.46,65.05,0.83,21,-1
159,12,459.60,143.20,35.45,34.28,0.84,3,-1
159,9,426.53,320.06,61.64,48.69,0.88,6,-1
159,10,386.41,296.42,45.46,47.79,0.85,15,-1
159,11,235.38,401.92,53.31,64.88,0.83,21,-1
160,12,458.05,144.02,35.26,33.91,0.84,3,-1
160,9,426.54,320.05,61.65,48.71,0.87,6,-1
160,10,386.41,296.39,45.47,47.82,0.85,15,-1
160,11,235.43,401.98,53.22,64.77,0.83,21,-1
161,12,457.04,144.31,35.10,33.34,0.84,3,-1
161,9,426.52,320.01,61.70,48.77,0.87,6,-1
161,10,386.38,296.36,45.54,47.92,0.85,15,-1
161,11,235.43,401.98,53.25,64.81,0.83,21,-1
162,12,456.23,144.88,35.41,33.30,0.84,3,-1
162,9,426.54,320.02,61.68,48.77,0.87,6,-1
162,10,386.37,296.36,45.51,47.91,0.85,15,-1
162,11,235.83,401.89,53.21,64.85,0.83,21,-1
163,12,453.44,144.66,36.09,33.77,0.83,3,-1
163,9,426.53,320.00,61.69,48.77,0.87,6,-1
163,10,386.38,296.37,45.44,47.86,0.85,15,-1
163,11,235.58,402.12,52.84,64.45,0.83,21,-1
164,12,452.38,144.88,35.87,33.36,0.83,3,-1
164,9,426.54,320.01,61.68,48.76,0.87,6,-1
164,10,386.40,296.38,45.38,47.83,0.85,15,-1
164,11,235.51,402.22,52.66,64.27,0.83,21,-1
165,12,451.89,144.75,35.93,33.23,0.83,3,-1
165,9,426.55,320.00,61.71,48.78,0.87,6,-1
165,10,386.39,296.37,45.33,47.79,0.85,15,-1
165,11,235.45,402.12,52.71,64.37,0.83,21,-1
166,12,452.01,144.45,36.21,33.29,0.83,3,-1
166,9,426.55,319.98,61.72,48.78,0.87,6,-1
166,10,386.39,296.38,45.28,47.76,0.85,15,-1
166,11,235.46,402.11,52.57,64.24,0.83,21,-1
167,12,452.49,144.21,36.41,33.24,0.83,3,-1
167,9,426.53,319.98,61.74,48.79,0.87,6,-1
167,10,386.37,296.37,45.30,47.80,0.85,15,-1
167,11,235.54,402.12,52.43,64.09,0.83,21,-1
168,12,454.01,143.91,36.79,33.40,0.82,3,-1
168,9,426.07,319.80,62.28,49.25,0.87,6,-1
168,10,386.41,296.38,45.15,47.65,0.85,15,-1
168,11,235.62,402.18,52.25,63.90,0.83,21,-1
169,12,454.80,143.38,37.36,33.77,0.84,3,-1
169,9,426.40,319.89,61.84,48.88,0.87,6,-1
169,10,386.43,296.39,45.09,47.60,0.85,15,-1
169,11,235.67,402.17,52.23,63.90,0.83,21,-1
170,12,455.44,143.23,37.54,33.79,0.84,3,-1
170,9,426.53,319.92,61.65,48.72,0.88,6,-1
170,10,386.45,296.39,45.02,47.54,0.85,15,-1
170,11,235.70,402.16,52.15,63.84,0.83,21,-1
171,12,455.90,143.18,37.83,33.93,0.84,3,-1
171,9,426.56,319.94,61.60,48.66,0.88,6,-1
171,10,386.45,296.40,44.98,47.50,0.85,15,-1
171,11,235.69,402.08,52.17,63.91,0.83,21,-1
172,12,456.11,143.25,38.05,34.05,0.83,3,-1
172,9,426.58,319.94,61.59,48.64,0.88,6,-1
172,10,386.46,296.40,44.96,47.50,0.85,15,-1
172,11,235.70,402.02,52.19,63.98,0.83,21,-1
173,12,456.36,143.25,38.46,34.25,0.84,3,-1
173,9,426.56,319.94,61.59,48.64,0.88,6,-1
173,10,386.44,296.40,44.94,47.48,0.85,15,-1
173,11,235.78,402.01,52.17,64.01,0.83,21,-1
174,12,456.64,142.95,38.42,34.07,0.84,3,-1
174,9,426.57,319.94,61.61,48.65,0.88,6,-1
174,10,386.44,296.42,44.91,47.45,0.85,15,-1
174,11,235.82,402.00,52.16,64.04,0.83,21,-1
175,12,456.79,142.70,38.47,33.96,0.84,3,-1
175,9,426.56,319.92,61.63,48.66,0.88,6,-1
175,10,386.56,296.63,44.76,47.22,0.85,15,-1
175,11,235.82,401.95,52.18,64.09,0.83,21,-1
176,12,456.73,141.96,38.81,34.18,0.84,3,-1
176,9,426.10,319.73,62.15,49.11,0.88,6,-1
176,10,386.63,296.72,44.71,47.09,0.85,15,-1
176,11,235.85,401.92,52.17,64.11,0.83,21,-1
177,12,456.67,141.54,39.01,34.28,0.84,3,-1
177,9,426.43,319.84,61.75,48.79,0.88,6,-1
177,10,386.64,296.76,44.71,47.03,0.85,15,-1
177,11,235.85,401.92,52.14,64.11,0.83,21,-1
178,12,456.86,141.21,38.86,34.03,0.84,3,-1
178,9,426.55,319.89,61.61,48.67,0.88,6,-1
178,10,386.62,296.77,44.73,46.99,0.84,15,-1
178,11,235.85,401.95,52.10,64.08,0.83,21,-1
179,12,456.83,141.14,38.67,33.78,0.84,3,-1
179,9,426.61,319.93,61.50,48.57,0.88,6,-1
179,10,386.45,296.57,44.95,47.25,0.84,15,-1
179,11,235.87,401.97,52.05,64.05,0.83,21,-1
180,12,457.22,140.96,38.48,33.57,0.84,3,-1
180,9,426.64,319.94,61.46,48.53,0.88,6,-1
180,10,386.53,296.70,44.82,47.06,0.84,15,-1
180,11,235.84,401.98,52.04,64.06,0.83,21,-1
181,12,458.04,140.98,38.00,33.14,0.85,3,-1
181,9,426.67,319.95,61.40,48.48,0.88,6,-1
181,10,386.40,296.57,44.97,47.24,0.85,15,-1
181,11,235.83,402.01,52.00,64.03,0.83,21,-1
182,12,459.40,140.98,37.95,33.03,0.85,3,-1
182,9,426.66,319.95,61.37,48.44,0.88,6,-1
182,10,386.48,296.72,44.81,47.03,0.84,15,-1
182,11,235.84,402.01,51.99,64.04,0.83,21,-1
183,12,462.42,140.11,38.71,33.59,0.85,3,-1
183,9,426.62,319.96,61.37,48.41,0.88,6,-1
183,10,386.54,296.80,44.71,46.86,0.85,15,-1
183,11,235.85,402.02,51.97,64.04,0.83,21,-1
184,12,464.60,138.79,39.57,34.33,0.85,3,-1
184,9,426.59,319.95,61.40,48.42,0.88,6,-1
184,10,386.55,296.83,44.75,46.86,0.85,15,-1
184,11,235.85,402.01,51.97,64.06,0.83,21,-1
185,12,465.82,137.02,41.12,35.90,0.85,3,-1
185,9,426.58,319.93,61.39,48.40,0.88,6,-1
185,10,386.52,296.84,44.85,46.92,0.85,15,-1
185,11,235.82,401.99,51.99,64.11,0.83,21,-1
186,12,467.58,134.46,43.23,38.17,0.85,3,-1
186,9,426.57,319.94,61.40,48.40,0.88,6,-1
186,10,386.49,296.83,44.96,47.00,0.85,15,-1
186,11,235.82,402.00,51.99,64.12,0.83,21,-1
187,12,469.05,132.13,44.29,39.60,0.86,3,-1
187,9,426.57,319.97,61.37,48.36,0.88,6,-1
187,10,386.47,296.83,44.96,46.96,0.85,15,-1
187,11,235.84,402.01,51.96,64.11,0.83,21,-1
188,12,473.65,130.51,43.72,39.55,0.86,3,-1
188,9,426.65,320.03,61.20,48.21,0.88,6,-1
188,10,386.38,296.66,45.06,47.12,0.85,15,-1
188,11,235.85,402.02,51.93,64.10,0.83,21,-1
189,12,476.04,128.48,44.96,41.33,0.86,3,-1
189,9,426.66,320.04,61.20,48.20,0.88,6,-1
189,10,386.40,296.61,45.05,47.13,0.85,15,-1
189,11,235.86,402.02,51.91,64.08,0.83,21,-1
190,12,478.10,126.13,45.48,42.49,0.86,3,-1
190,9,426.66,320.06,61.22,48.20,0.88,6,-1
190,10,386.43,296.62,45.06,47.17,0.85,15,-1
190,11,235.86,402.03,51.88,64.06,0.83,21,-1
191,12,480.34,125.63,45.09,42.62,0.86,3,-1
191,9,426.63,320.06,61.26,48.21,0.88,6,-1
191,10,386.43,296.58,45.13,47.27,0.85,15,-1
191,11,235.85,402.02,51.89,64.08,0.83,21,-1
192,12,482.47,125.57,44.30,42.26,0.86,3,-1
192,9,426.61,320.06,61.33,48.25,0.88,6,-1
192,10,386.45,296.55,45.11,47.27,0.85,15,-1
192,11,235.88,402.01,51.85,64.05,0.83,21,-1
193,12,484.42,124.52,44.09,42.60,0.87,3,-1
193,9,426.59,320.04,61.39,48.28,0.88,6,-1
193,10,386.42,296.49,45.18,47.36,0.85,15,-1
193,11,235.89,401.94,51.92,64.14,0.83,21,-1
194,12,486.03,124.75,42.69,41.66,0.87,3,-1
194,9,426.54,320.03,61.47,48.34,0.88,6,-1
194,10,386.40,296.48,45.21,47.39,0.85,15,-1
194,11,235.88,401.91,51.96,64.19,0.83,21,-1
195,12,487.80,126.30,40.29,39.56,0.86,3,-1
195,9,426.51,320.03,61.52,48.37,0.88,6,-1
195,10,386.41,296.48,45.21,47.40,0.85,15,-1
195,11,235.85,401.88,52.03,64.28,0.83,21,-1
196,12,489.62,128.26,38.07,37.53,0.86,3,-1
196,9,426.50,320.03,61.52,48.36,0.88,6,-1
196,10,386.42,296.50,45.18,47.38,0.85,15,-1
196,11,235.83,401.88,52.05,64.31,0.83,21,-1
197,12,491.37,131.27,35.16,34.57,0.85,3,-1
197,9,426.48,320.02,61.53,48.36,0.88,6,-1
197,10,386.41,296.48,45.22,47.41,0.85,15,-1
197,11,235.82,401.85,52.10,64.37,0.83,21,-1
198,12,493.08,135.47,31.90,31.07,0.86,3,-1
198,9,426.51,320.04,61.49,48.33,0.88,6,-1
198,10,386.39,296.45,45.24,47.43,0.85,15,-1
198,11,235.80,401.82,52.16,64.45,0.83,21,-1
199,12,493.80,139.33,28.97,27.65,0.86,3,-1
199,9,426.48,320.04,61.48,48.32,0.88,6,-1
199,10,386.39,296.40,45.25,47.45,0.85,15,-1
199,11,235.78,401.80,52.22,64.51,0.83,21,-1
200,12,494.34,142.02,26.88,25.09,0.85,3,-1
200,9,426.70,320.36,60.95,47.72,0.88,6,-1
200,10,386.28,296.59,45.26,47.40,0.85,15,-1
200,11,235.61,403.17,51.10,63.07,0.84,21,-1
201,12,492.85,145.13,25.32,23.10,0.80,3,-1
201,9,426.75,320.47,60.83,47.47,0.88,6,-1
201,10,386.23,296.66,45.27,47.36,0.85,15,-1
201,11,235.63,403.56,50.82,62.66,0.84,21,-1
202,9,426.77,320.53,60.85,47.35,0.88,6,-1
202,10,386.23,296.68,45.28,47.32,0.85,15,-1
202,11,235.36,403.09,51.48,63.46,0.84,21,-1
203,9,426.66,320.52,61.10,47.44,0.88,6,-1
203,10,386.20,296.63,45.36,47.37,0.85,15,-1
203,11,235.27,402.86,51.78,63.82,0.84,21,-1
204,9,426.58,320.55,61.29,47.50,0.88,6,-1
204,10,386.18,296.61,45.40,47.37,0.85,15,-1
204,11,235.49,403.35,51.24,63.10,0.84,21,-1
205,9,426.51,320.56,61.34,47.44,0.88,6,-1
205,10,386.17,296.59,45.41,47.36,0.85,15,-1
205,11,235.60,403.57,51.03,62.78,0.84,21,-1
206,9,426.43,320.57,61.49,47.48,0.88,6,-1
206,10,386.11,296.56,45.45,47.38,0.85,15,-1
206,11,235.57,403.63,51.00,62.68,0.84,21,-1
207,9,426.33,320.59,61.64,47.51,0.88,6,-1
207,10,386.07,296.54,45.51,47.42,0.85,15,-1
207,11,235.56,403.64,51.02,62.64,0.84,21,-1
208,9,426.23,320.59,61.78,47.54,0.88,6,-1
208,10,386.05,296.54,45.53,47.42,0.85,15,-1
208,11,235.51,403.60,51.07,62.66,0.84,21,-1
209,9,426.13,320.60,61.92,47.58,0.88,6,-1
209,10,386.06,296.58,45.45,47.33,0.85,15,-1
209,11,235.53,403.59,51.05,62.60,0.84,21,-1
210,9,426.05,320.57,62.09,47.64,0.88,6,-1
210,10,386.07,296.61,45.41,47.28,0.85,15,-1
210,11,235.56,403.62,51.01,62.51,0.84,21,-1
211,9,426.00,320.53,62.20,47.68,0.88,6,-1
211,10,386.06,296.59,45.40,47.25,0.84,15,-1
211,11,235.28,402.92,51.86,63.57,0.84,21,-1
212,9,425.98,320.52,62.25,47.67,0.88,6,-1
212,10,386.12,296.58,45.34,47.16,0.84,15,-1
212,11,235.19,402.68,52.15,63.94,0.84,21,-1
213,9,425.95,320.51,62.30,47.68,0.88,6,-1
213,10,386.12,296.55,45.35,47.15,0.84,15,-1
213,11,235.15,402.59,52.25,64.07,0.84,21,-1
214,9,425.90,320.46,62.46,47.79,0.88,6,-1
214,10,386.08,296.53,45.39,47.16,0.84,15,-1
214,11,235.12,402.55,52.31,64.15,0.84,21,-1
215,9,425.86,320.43,62.57,47.85,0.88,6,-1
215,10,386.05,296.50,45.44,47.19,0.84,15,-1
215,11,235.12,402.53,52.33,64.20,0.84,21,-1
216,9,425.82,320.42,62.65,47.91,0.88,6,-1
216,10,386.03,296.49,45.48,47.23,0.84,15,-1
216,11,235.18,402.51,52.33,64.21,0.84,21,-1
217,9,425.83,320.44,62.59,47.84,0.88,6,-1
217,10,386.05,296.52,45.48,47.20,0.84,15,-1
217,11,235.26,402.54,52.23,64.10,0.84,21,-1
218,9,425.85,320.45,62.57,47.81,0.88,6,-1
218,10,386.09,296.56,45.44,47.14,0.84,15,-1
218,11,235.30,402.53,52.19,64.07,0.84,21,-1
219,9,425.84,320.43,62.62,47.83,0.88,6,-1
219,10,386.08,296.59,45.45,47.14,0.84,15,-1
219,11,235.43,402.52,52.12,64.00,0.84,21,-1
220,9,425.84,320.42,62.63,47.83,0.88,6,-1
220,10,386.09,296.58,45.43,47.09,0.84,15,-1
220,11,235.48,402.51,52.09,63.98,0.84,21,-1
221,9,425.81,320.40,62.67,47.85,0.88,6,-1
221,10,386.05,296.57,45.50,47.15,0.84,15,-1
221,11,235.55,402.46,52.10,64.01,0.84,21,-1
222,9,425.74,320.38,62.72,47.86,0.88,6,-1
222,10,386.06,296.57,45.49,47.12,0.84,15,-1
222,11,235.58,402.44,52.08,64.01,0.84,21,-1
223,9,425.70,320.35,62.78,47.90,0.88,6,-1
223,10,386.03,296.55,45.51,47.13,0.84,15,-1
223,11,235.62,402.44,52.03,63.96,0.84,21,-1
224,9,425.70,320.32,62.80,47.91,0.88,6,-1
224,10,386.02,296.53,45.52,47.13,0.84,15,-1
224,11,235.62,402.41,52.03,63.96,0.84,21,-1
225,9,425.70,320.30,62.79,47.89,0.88,6,-1
225,10,386.01,296.60,45.52,47.12,0.84,15,-1
225,11,235.63,402.41,52.01,63.94,0.84,21,-1
226,9,425.70,320.31,62.72,47.82,0.88,6,-1
226,10,385.93,296.61,45.58,47.19,0.84,15,-1
226,11,235.66,402.43,51.97,63.88,0.84,21,-1
227,9,425.71,320.31,62.69,47.79,0.88,6,-1
227,10,385.88,296.61,45.62,47.23,0.84,15,-1
227,11,235.67,402.43,51.97,63.86,0.84,21,-1
228,9,425.70,320.31,62.72,47.81,0.88,6,-1
228,10,385.85,296.62,45.65,47.26,0.84,15,-1
228,11,235.67,402.43,51.97,63.86,0.84,21,-1
229,9,425.69,320.32,62.72,47.80,0.88,6,-1
229,10,385.88,296.62,45.67,47.27,0.84,15,-1
229,11,235.65,402.44,51.98,63.86,0.84,21,-1
230,9,425.74,320.33,62.64,47.72,0.88,6,-1
230,10,385.88,296.62,45.66,47.26,0.84,15,-1
230,11,235.64,402.45,51.97,63.85,0.84,21,-1
231,9,425.67,320.32,62.76,47.80,0.88,6,-1
231,10,385.91,296.63,45.64,47.23,0.84,15,-1
231,11,235.64,402.45,51.98,63.84,0.84,21,-1
232,9,425.63,320.34,62.81,47.82,0.88,6,-1
232,10,385.92,296.66,45.61,47.21,0.84,15,-1
232,11,235.63,402.44,52.00,63.86,0.84,21,-1
233,9,425.63,320.35,62.81,47.82,0.88,6,-1
233,10,385.95,296.67,45.57,47.17,0.84,15,-1
233,11,235.62,402.43,52.01,63.87,0.84,21,-1
234,9,425.62,320.37,62.83,47.82,0.88,6,-1
234,10,385.95,296.65,45.58,47.17,0.84,15,-1
234,11,235.62,402.45,52.00,63.85,0.84,21,-1
235,9,425.65,320.38,62.80,47.79,0.88,6,-1
235,10,385.96,296.65,45.57,47.16,0.84,15,-1
235,11,235.62,402.45,52.00,63.84,0.84,21,-1
236,9,425.66,320.38,62.80,47.78,0.88,6,-1
236,10,385.97,296.64,45.56,47.16,0.84,15,-1
236,11,235.61,402.45,52.01,63.83,0.84,21,-1
237,9,425.67,320.36,62.81,47.77,0.88,6,-1
237,10,385.96,296.64,45.56,47.16,0.84,15,-1
237,11,235.61,402.47,52.00,63.81,0.84,21,-1
238,9,425.70,320.41,62.72,47.69,0.88,6,-1
238,10,385.98,296.67,45.51,47.11,0.84,15,-1
238,11,235.64,402.51,51.94,63.74,0.84,21,-1
239,9,425.73,320.42,62.70,47.66,0.88,6,-1
239,10,386.00,296.69,45.48,47.08,0.84,15,-1
239,11,235.66,402.54,51.90,63.69,0.84,21,-1
240,9,425.72,320.41,62.74,47.68,0.88,6,-1
240,10,386.01,296.69,45.45,47.06,0.84,15,-1
240,11,235.65,402.54,51.91,63.69,0.84,21,-1
241,9,425.71,320.41,62.76,47.69,0.88,6,-1
241,10,386.01,296.69,45.45,47.06,0.84,15,-1
241,11,235.64,402.55,51.92,63.70,0.84,21,-1
242,9,425.71,320.43,62.71,47.64,0.88,6,-1
242,10,386.02,296.71,45.43,47.04,0.84,15,-1
242,11,235.64,402.54,51.93,63.70,0.84,21,-1
243,9,425.73,320.46,62.65,47.57,0.88,6,-1
243,10,386.02,296.71,45.41,47.01,0.84,15,-1
243,11,235.66,402.57,51.89,63.65,0.84,21,-1
244,9,425.71,320.47,62.67,47.57,0.88,6,-1
244,10,386.00,296.71,45.42,47.02,0.84,15,-1
244,11,235.67,402.57,51.88,63.63,0.84,21,-1
245,9,425.74,320.50,62.61,47.50,0.88,6,-1
245,10,386.00,296.72,45.41,47.00,0.84,15,-1
245,11,235.66,402.57,51.88,63.63,0.84,21,-1
246,9,425.74,320.52,62.62,47.49,0.88,6,-1
246,10,386.00,296.73,45.40,46.99,0.84,15,-1
246,11,235.66,402.57,51.89,63.64,0.84,21,-1
247,12,475.21,156.97,23.45,20.09,0.67,3,-1
247,9,425.74,320.53,62.59,47.46,0.88,6,-1
247,10,386.00,296.73,45.40,46.99,0.84,15,-1
247,11,235.65,402.55,51.92,63.66,0.84,21,-1
248,12,473.12,157.61,24.15,19.90,0.68,3,-1
248,9,425.75,320.52,62.61,47.46,0.88,6,-1
248,10,386.00,296.73,45.40,46.99,0.84,15,-1
248,11,235.63,402.53,51.96,63.70,0.84,21,-1
249,12,472.05,158.00,24.28,19.45,0.57,3,-1
249,9,425.75,320.52,62.61,47.44,0.88,6,-1
249,10,386.01,296.73,45.39,46.97,0.84,15,-1
249,11,235.63,402.55,51.94,63.67,0.84,21,-1
250,12,471.88,158.36,24.49,19.13,0.78,3,-1
250,9,424.83,320.18,63.71,48.37,0.88,6,-1
250,10,385.65,296.41,45.43,47.09,0.84,15,-1
250,11,235.82,403.23,51.04,62.54,0.84,21,-1
251,12,471.24,158.15,25.59,19.69,0.76,3,-1
251,9,424.49,320.03,64.15,48.81,0.88,6,-1
251,10,385.53,296.28,45.43,47.15,0.84,15,-1
251,11,235.84,403.46,50.80,62.21,0.84,21,-1
252,12,470.74,158.17,26.30,19.97,0.75,3,-1
252,9,424.41,319.97,64.25,48.97,0.88,6,-1
252,10,385.50,296.23,45.39,47.17,0.84,15,-1
252,11,235.84,403.53,50.73,62.10,0.84,21,-1
253,12,470.39,158.88,26.13,19.55,0.75,3,-1
253,9,424.42,319.94,64.23,49.05,0.88,6,-1
253,10,385.50,296.20,45.37,47.19,0.84,15,-1
253,11,235.83,403.55,50.73,62.07,0.84,21,-1
254,12,470.06,159.43,26.57,19.61,0.75,3,-1
254,9,424.47,319.94,64.13,49.05,0.88,6,-1
254,10,385.52,296.20,45.32,47.19,0.84,15,-1
254,11,235.84,403.60,50.73,62.04,0.84,21,-1
255,12,469.71,159.68,27.34,19.98,0.73,3,-1
255,9,424.49,319.93,64.07,49.08,0.88,6,-1
255,10,385.54,296.20,45.28,47.20,0.84,15,-1
255,11,235.83,403.61,50.74,62.04,0.84,21,-1
256,12,469.47,159.82,27.89,20.26,0.71,3,-1
256,9,424.55,319.95,63.97,49.06,0.88,6,-1
256,10,385.56,296.21,45.24,47.20,0.84,15,-1
256,11,235.82,403.62,50.76,62.04,0.84,21,-1
257,12,469.24,159.98,28.09,20.27,0.66,3,-1
257,9,424.58,319.95,63.90,49.07,0.88,6,-1
257,10,385.57,296.21,45.22,47.21,0.84,15,-1
257,11,235.81,403.61,50.78,62.05,0.84,21,-1
258,12,469.13,159.98,28.18,20.24,0.65,3,-1
258,9,424.64,319.94,63.79,49.03,0.88,6,-1
258,10,385.59,296.20,45.18,47.20,0.84,15,-1
258,11,235.80,403.61,50.81,62.06,0.84,21,-1
259,12,469.43,159.74,28.29,20.23,0.76,3,-1
259,9,424.67,319.95,63.71,49.01,0.88,6,-1
259,10,385.60,296.21,45.15,47.20,0.84,15,-1
259,11,235.80,403.60,50.82,62.07,0.84,21,-1
260,12,470.67,159.77,27.42,19.33,0.78,3,-1
260,9,424.69,319.94,63.66,49.02,0.88,6,-1
260,10,385.61,296.21,45.14,47.21,0.84,15,-1
260,11,235.78,403.59,50.88,62.13,0.84,21,-1
261,12,470.41,158.32,29.40,20.72,0.80,3,-1
261,9,424.70,319.94,63.63,49.03,0.88,6,-1
261,10,385.63,296.22,45.11,47.20,0.84,15,-1
261,11,235.78,403.59,50.90,62.15,0.84,21,-1
262,12,470.40,156.88,30.89,21.74,0.84,3,-1
262,9,424.69,319.93,63.63,49.05,0.88,6,-1
262,10,385.65,296.21,45.09,47.20,0.84,15,-1
262,11,235.78,403.59,50.91,62.16,0.84,21,-1
263,12,471.19,154.83,32.35,22.86,0.82,3,-1
263,9,424.68,319.93,63.60,49.06,0.88,6,-1
263,10,385.70,296.21,45.18,47.18,0.84,15,-1
263,11,235.77,403.58,50.92,62.17,0.84,21,-1
264,12,471.82,153.49,33.37,23.87,0.82,3,-1
264,9,424.67,319.92,63.60,49.09,0.88,6,-1
264,10,385.69,296.20,45.28,47.19,0.84,15,-1
264,11,235.77,403.58,50.92,62.17,0.84,21,-1
265,12,472.44,152.21,34.78,25.08,0.82,3,-1
265,9,424.70,319.92,63.58,49.09,0.88,6,-1
265,10,385.67,296.21,45.37,47.19,0.84,15,-1
265,11,235.77,403.58,50.91,62.15,0.84,21,-1
266,12,473.09,151.08,35.54,25.82,0.82,3,-1
266,9,424.72,319.91,63.58,49.11,0.88,6,-1
266,10,385.59,296.23,45.33,47.20,0.84,15,-1
266,11,235.76,403.58,50.92,62.16,0.84,21,-1
267,12,473.42,150.12,36.28,26.59,0.84,3,-1
267,9,424.71,319.88,63.60,49.16,0.88,6,-1
267,10,385.63,296.22,45.41,47.19,0.84,15,-1
267,11,235.76,403.58,50.93,62.16,0.84,21,-1
268,12,474.28,148.79,36.90,27.25,0.85,3,-1
268,9,424.66,319.86,63.64,49.21,0.88,6,-1
268,10,385.60,296.19,45.53,47.23,0.84,15,-1
268,11,235.73,403.56,50.96,62.20,0.84,21,-1
269,12,474.74,147.62,38.00,28.35,0.85,3,-1
269,9,424.64,319.85,63.64,49.23,0.88,6,-1
269,10,385.57,296.21,45.59,47.22,0.84,15,-1
269,11,235.74,403.56,50.96,62.19,0.84,21,-1
270,12,475.19,146.76,38.40,28.97,0.85,3,-1
270,9,424.65,319.85,63.63,49.24,0.88,6,-1
270,10,385.54,296.21,45.66,47.22,0.84,15,-1
270,11,235.73,403.55,50.97,62.20,0.84,21,-1
271,12,475.88,145.92,38.59,29.38,0.85,3,-1
271,9,424.67,319.86,63.58,49.22,0.88,6,-1
271,10,385.52,296.24,45.70,47.20,0.84,15,-1
271,11,235.73,403.55,50.98,62.20,0.84,21,-1
272,12,477.01,145.08,37.81,29.03,0.85,3,-1
272,9,424.73,319.89,63.51,49.17,0.88,6,-1
272,10,385.51,296.27,45.74,47.19,0.84,15,-1
272,11,235.73,403.55,50.98,62.20,0.84,21,-1
273,12,479.20,143.09,38.99,30.14,0.84,3,-1
273,9,424.79,319.91,63.40,49.10,0.88,6,-1
273,10,385.52,296.30,45.72,47.13,0.84,15,-1
273,11,235.75,403.61,50.94,62.15,0.84,21,-1
274,12,481.43,142.06,38.74,30.07,0.85,3,-1
274,9,424.82,319.93,63.34,49.07,0.88,6,-1
274,10,385.52,296.33,45.71,47.07,0.84,15,-1
274,11,235.76,403.64,50.92,62.11,0.84,21,-1
275,12,483.36,141.23,38.78,30.29,0.86,3,-1
275,9,424.86,319.95,63.25,49.00,0.88,6,-1
275,10,385.52,296.36,45.71,47.02,0.84,15,-1
275,11,235.76,403.66,50.91,62.09,0.84,21,-1
276,12,483.62,139.10,41.32,32.84,0.85,3,-1
276,9,424.89,319.96,63.22,48.99,0.88,6,-1
276,10,385.50,296.35,45.75,47.03,0.84,15,-1
276,11,235.76,403.66,50.92,62.09,0.84,21,-1
277,12,485.32,137.42,42.20,34.03,0.85,3,-1
277,9,424.94,319.96,63.16,48.94,0.88,6,-1
277,10,385.40,296.39,45.65,47.02,0.84,15,-1
277,11,235.77,403.67,50.92,62.08,0.84,21,-1
278,12,487.39,136.15,42.04,34.46,0.86,3,-1
278,9,424.94,319.96,63.12,48.91,0.88,6,-1
278,10,385.37,296.42,45.60,47.06,0.84,15,-1
278,11,235.78,403.72,50.87,61.99,0.84,21,-1
279,12,488.79,135.35,41.13,34.22,0.86,3,-1
279,9,424.96,319.93,63.14,48.93,0.88,6,-1
279,10,385.39,296.41,45.56,47.09,0.84,15,-1
279,11,235.76,403.72,50.87,61.99,0.84,21,-1
280,12,490.29,134.76,40.60,34.20,0.87,3,-1
280,9,424.98,319.93,63.14,48.94,0.88,6,-1
280,10,385.41,296.40,45.51,47.11,0.84,15,-1
280,11,235.73,403.70,50.91,62.03,0.84,21,-1
281,12,491.83,134.25,39.98,34.09,0.87,3,-1
281,9,424.97,319.94,63.13,48.93,0.88,6,-1
281,10,385.44,296.40,45.45,47.10,0.84,15,-1
281,11,235.71,403.71,50.92,62.02,0.84,21,-1
282,12,492.67,133.53,40.36,34.87,0.86,3,-1
282,9,424.99,319.94,63.09,48.90,0.88,6,-1
282,10,385.48,296.39,45.39,47.09,0.84,15,-1
282,11,235.69,403.68,50.97,62.08,0.84,21,-1
283,12,494.03,133.07,40.12,35.08,0.86,3,-1
283,9,424.99,319.93,63.08,48.90,0.88,6,-1
283,10,385.50,296.38,45.35,47.09,0.84,15,-1
283,11,235.68,403.66,50.99,62.10,0.84,21,-1
284,12,495.04,132.84,39.80,35.15,0.86,3,-1
284,9,424.98,319.92,63.10,48.91,0.88,6,-1
284,10,385.50,296.37,45.34,47.14,0.84,15,-1
284,11,235.67,403.65,51.02,62.13,0.84,21,-1
285,12,495.85,132.86,39.22,34.97,0.84,3,-1
285,9,424.96,319.90,63.13,48.93,0.88,6,-1
285,10,385.55,296.33,45.46,47.17,0.84,15,-1
285,11,235.64,403.64,51.06,62.16,0.84,21,-1
286,12,496.94,132.66,38.79,34.85,0.84,3,-1
286,9,424.97,319.88,63.14,48.93,0.88,6,-1
286,10,385.50,296.31,45.46,47.22,0.84,15,-1
286,11,235.63,403.64,51.08,62.17,0.84,21,-1
287,12,497.75,132.87,38.11,34.44,0.84,3,-1
287,9,424.95,319.87,63.18,48.96,0.88,6,-1
287,10,385.51,296.28,45.45,47.26,0.84,15,-1
287,11,235.62,403.64,51.09,62.17,0.84,21,-1
288,12,499.21,133.77,36.62,33.12,0.82,3,-1
288,9,424.92,319.87,63.22,48.99,0.88,6,-1
288,10,385.53,296.27,45.41,47.26,0.84,15,-1
288,11,235.64,403.64,51.06,62.14,0.84,21,-1
289,12,500.30,133.82,36.15,32.64,0.84,3,-1
289,9,424.92,319.87,63.22,48.99,0.88,6,-1
289,10,385.54,296.24,45.36,47.25,0.84,15,-1
289,11,235.66,403.68,51.01,62.10,0.84,21,-1
290,12,500.89,133.92,35.96,32.51,0.84,3,-1
290,9,424.87,319.86,63.29,49.05,0.88,6,-1
290,10,385.56,296.22,45.29,47.23,0.84,15,-1
290,11,235.69,403.73,50.96,62.05,0.84,21,-1
291,12,501.29,133.23,36.15,32.80,0.84,3,-1
291,9,424.84,319.85,63.30,49.06,0.88,6,-1
291,10,385.58,296.21,45.26,47.24,0.84,15,-1
291,11,235.69,403.76,50.91,62.00,0.84,21,-1
292,12,502.41,132.95,35.03,31.86,0.85,3,-1
292,9,424.89,319.85,63.25,49.03,0.88,6,-1
292,10,385.60,296.21,45.22,47.23,0.84,15,-1
292,11,235.69,403.74,50.91,62.00,0.84,21,-1
293,12,503.40,131.56,35.43,32.59,0.81,3,-1
293,9,424.89,319.84,63.23,49.02,0.88,6,-1
293,10,385.59,296.18,45.20,47.23,0.84,15,-1
293,11,235.70,403.73,50.90,62.00,0.84,21,-1
294,12,504.68,130.08,35.90,33.36,0.82,3,-1
294,9,424.89,319.84,63.22,49.01,0.88,6,-1
294,10,385.57,296.15,45.21,47.26,0.84,15,-1
294,11,235.46,403.12,51.68,63.01,0.84,21,-1
295,12,505.55,129.12,35.98,33.78,0.81,3,-1
295,9,424.89,319.83,63.25,49.03,0.88,6,-1
295,10,385.55,296.14,45.22,47.29,0.84,15,-1
295,11,235.71,403.55,51.13,62.32,0.84,21,-1
296,12,506.37,128.57,35.92,34.08,0.64,3,-1
296,9,424.91,319.83,63.19,48.98,0.88,6,-1
296,10,385.57,296.15,45.20,47.28,0.84,15,-1
296,11,235.83,403.72,50.94,62.06,0.84,21,-1
297,9,424.94,319.83,63.14,48.93,0.88,6,-1
297,10,385.57,296.15,45.19,47.29,0.84,15,-1
297,11,235.85,403.78,50.92,62.00,0.84,21,-1
298,9,424.85,319.79,63.17,48.96,0.88,6,-1
298,10,385.55,296.13,45.20,47.32,0.84,15,-1
298,11,235.76,403.85,51.36,62.59,0.84,21,-1
299,9,424.81,319.77,63.17,48.96,0.88,6,-1
299,10,385.51,296.11,45.27,47.41,0.84,15,-1
299,11,235.71,403.87,51.52,62.82,0.84,21,-1
300,9,425.18,320.17,62.94,48.71,0.87,6,-1
300,10,385.64,296.19,45.16,47.40,0.84,15,-1
300,11,234.83,403.24,51.74,62.93,0.83,21,-1
301,12,509.54,125.43,33.28,32.13,0.51,3,-1
301,9,425.33,320.34,62.86,48.57,0.87,6,-1
301,10,385.73,296.25,45.04,47.37,0.84,15,-1
301,11,234.48,403.02,51.86,62.94,0.83,21,-1
302,9,425.35,320.39,62.93,48.57,0.87,6,-1
302,10,385.78,296.27,44.95,47.37,0.84,15,-1
302,11,234.33,402.95,51.96,62.92,0.83,21,-1
303,12,512.77,125.39,31.13,30.66,0.67,3,-1
303,9,425.34,320.40,62.99,48.56,0.87,6,-1
303,10,385.82,296.27,44.88,47.38,0.84,15,-1
303,11,234.27,402.92,52.07,62.93,0.83,21,-1
304,12,515.10,124.57,29.95,29.96,0.73,3,-1
304,9,425.30,320.39,63.08,48.58,0.87,6,-1
304,10,385.86,296.26,44.82,47.39,0.84,15,-1
304,11,234.30,402.91,52.15,62.90,0.83,21,-1
305,9,425.25,320.37,63.24,48.67,0.87,6,-1
305,10,385.88,296.24,44.77,47.40,0.84,15,-1
305,11,234.30,403.09,52.10,62.72,0.83,21,-1
306,9,425.21,320.37,63.33,48.70,0.87,6,-1
306,10,385.90,296.23,44.73,47.42,0.84,15,-1
306,11,234.23,403.09,52.21,62.75,0.83,21,-1
307,9,425.16,320.35,63.40,48.71,0.87,6,-1
307,10,385.91,296.21,44.70,47.45,0.84,15,-1
307,11,234.18,403.06,52.33,62.80,0.83,21,-1
308,9,425.09,320.33,63.52,48.76,0.87,6,-1
308,10,385.92,296.20,44.68,47.48,0.84,15,-1
308,11,234.20,403.11,52.34,62.72,0.83,21,-1
309,9,425.04,320.30,63.59,48.79,0.87,6,-1
309,10,385.93,296.21,44.62,47.46,0.84,15,-1
309,11,234.18,403.09,52.44,62.77,0.83,21,-1
310,9,425.00,320.29,63.70,48.84,0.87,6,-1
310,10,385.95,296.20,44.58,47.45,0.84,15,-1
310,11,234.18,403.10,52.50,62.77,0.83,21,-1
311,9,424.99,320.29,63.72,48.83,0.87,6,-1
311,10,385.98,296.21,44.53,47.44,0.84,15,-1
311,11,234.16,403.13,52.52,62.73,0.83,21,-1
312,9,424.97,320.29,63.76,48.84,0.87,6,-1
312,10,385.99,296.20,44.50,47.44,0.84,15,-1
312,11,234.15,403.19,52.51,62.66,0.83,21,-1
313,12,521.00,114.37,31.45,32.46,0.56,3,-1
313,9,424.92,320.28,63.85,48.88,0.87,6,-1
313,10,385.99,296.20,44.49,47.46,0.84,15,-1
313,11,234.13,403.26,52.50,62.59,0.83,21,-1
314,12,519.98,110.08,34.34,36.57,0.75,3,-1
314,9,424.87,320.29,63.90,48.91,0.87,6,-1
314,10,386.02,296.21,44.46,47.45,0.84,15,-1
314,11,234.12,403.28,52.51,62.55,0.83,21,-1
315,12,519.48,104.79,37.71,41.30,0.72,3,-1
315,9,424.87,320.31,63.91,48.90,0.87,6,-1
315,10,386.07,296.21,44.44,47.45,0.84,15,-1
315,11,234.13,403.35,52.49,62.49,0.83,21,-1
316,12,519.02,101.69,39.59,44.32,0.81,3,-1
316,9,424.85,320.31,63.94,48.91,0.87,6,-1
316,10,386.09,296.21,44.43,47.45,0.84,15,-1
316,11,234.10,403.35,52.54,62.49,0.83,21,-1
317,12,518.90,99.63,40.99,46.75,0.81,3,-1
317,9,424.81,320.30,64.02,48.96,0.87,6,-1
317,10,386.09,296.19,44.43,47.47,0.84,15,-1
317,11,234.09,403.37,52.57,62.49,0.83,21,-1
318,12,518.85,97.40,42.44,49.47,0.83,3,-1
318,9,424.80,320.30,64.06,48.97,0.87,6,-1
318,10,386.10,296.20,44.41,47.46,0.84,15,-1
318,11,234.08,403.48,52.53,62.40,0.83,21,-1
319,12,518.26,95.97,43.26,51.55,0.82,3,-1
319,9,424.80,320.31,64.05,48.96,0.87,6,-1
319,10,386.11,296.21,44.39,47.46,0.84,15,-1
319,11,234.10,403.55,52.53,62.37,0.83,21,-1
320,12,518.16,95.48,43.81,53.17,0.81,3,-1
320,9,424.73,320.29,64.18,49.06,0.87,6,-1
320,10,386.10,296.19,44.41,47.49,0.84,15,-1
320,11,234.09,403.52,52.60,62.42,0.83,21,-1
321,12,518.48,98.82,41.91,51.47,0.84,3,-1
321,9,424.71,320.28,64.23,49.10,0.87,6,-1
321,10,386.09,296.19,44.40,47.49,0.84,15,-1
321,11,234.11,403.46,52.65,62.48,0.83,21,-1
322,12,518.79,101.27,40.22,49.89,0.83,3,-1
322,9,424.69,320.28,64.24,49.10,0.87,6,-1
322,10,386.08,296.18,44.42,47.52,0.84,15,-1
322,11,234.13,403.46,52.65,62.46,0.83,21,-1
323,12,517.27,101.73,39.79,49.69,0.84,3,-1
323,9,424.66,320.26,64.28,49.13,0.87,6,-1
323,10,386.08,296.16,44.43,47.53,0.84,15,-1
323,11,234.19,403.45,52.62,62.41,0.83,21,-1
324,12,515.92,101.46,40.34,50.62,0.85,3,-1
324,9,424.73,320.38,63.80,48.71,0.87,6,-1
324,10,386.08,296.17,44.41,47.52,0.84,15,-1
324,11,234.19,403.45,52.64,62.42,0.83,21,-1
325,12,514.56,101.48,40.72,51.40,0.84,3,-1
325,9,424.71,320.32,64.06,48.91,0.87,6,-1
325,10,386.09,296.17,44.39,47.50,0.84,15,-1
325,11,234.17,403.39,52.72,62.50,0.83,21,-1
326,12,513.00,101.42,41.16,52.29,0.83,3,-1
326,9,424.69,320.29,64.18,49.01,0.87,6,-1
326,10,386.09,296.16,44.41,47.52,0.84,15,-1
326,11,234.14,403.26,52.84,62.66,0.83,21,-1
327,12,511.39,100.57,42.20,54.00,0.85,3,-1
327,9,424.79,320.41,63.63,48.54,0.87,6,-1
327,10,386.09,296.16,44.40,47.51,0.84,15,-1
327,11,234.13,403.22,52.88,62.70,0.83,21,-1
328,12,509.21,98.77,44.58,57.65,0.87,3,-1
328,9,424.82,320.47,63.43,48.34,0.87,6,-1
328,10,386.09,296.17,44.40,47.51,0.84,15,-1
328,11,234.09,403.12,52.97,62.83,0.83,21,-1
329,12,508.28,98.98,44.58,58.01,0.87,3,-1
329,9,424.70,320.36,63.95,48.75,0.87,6,-1
329,10,386.08,296.16,44.43,47.54,0.84,15,-1
329,11,234.04,403.05,53.03,62.91,0.83,21,-1
330,12,507.18,99.60,44.23,57.78,0.86,3,-1
330,9,424.69,320.34,64.04,48.82,0.87,6,-1
330,10,386.08,296.18,44.41,47.52,0.84,15,-1
330,11,233.98,402.98,53.08,62.99,0.83,21,-1
331,12,506.72,100.52,43.61,57.12,0.85,3,-1
331,9,424.73,320.34,64.00,48.79,0.87,6,-1
331,10,386.12,296.20,44.35,47.46,0.84,15,-1
331,11,234.03,402.98,53.00,62.93,0.83,21,-1
332,12,506.22,100.90,43.30,56.75,0.86,3,-1
332,9,424.72,320.34,63.99,48.78,0.87,6,-1
332,10,386.15,296.21,44.31,47.42,0.84,15,-1
332,11,234.05,403.03,52.90,62.86,0.83,21,-1
333,12,504.92,100.17,44.49,58.69,0.85,3,-1
333,9,424.75,320.36,63.90,48.70,0.87,6,-1
333,10,386.26,296.21,44.32,47.34,0.84,15,-1
333,11,234.14,403.07,52.77,62.75,0.83,21,-1
334,12,504.26,100.37,44.77,59.45,0.86,3,-1
334,9,424.79,320.37,63.81,48.63,0.87,6,-1
334,10,386.28,296.21,44.37,47.31,0.84,15,-1
334,11,234.14,403.07,52.71,62.73,0.83,21,-1
335,12,504.10,101.50,44.28,59.04,0.85,3,-1
335,9,424.78,320.36,63.81,48.63,0.87,6,-1
335,10,386.27,296.20,44.42,47.30,0.84,15,-1
335,11,234.20,403.15,52.61,62.64,0.83,21,-1
336,12,503.67,101.13,44.71,59.95,0.86,3,-1
336,9,424.82,320.38,63.75,48.58,0.87,6,-1
336,10,386.18,296.22,44.44,47.34,0.84,15,-1
336,11,234.19,403.17,52.60,62.65,0.83,21,-1
337,12,503.62,101.11,44.49,59.83,0.85,3,-1
337,9,424.86,320.40,63.69,48.53,0.87,6,-1
337,10,386.15,296.23,44.42,47.34,0.84,15,-1
337,11,234.29,403.02,52.60,62.69,0.84,21,-1
338,12,504.02,100.60,44.93,60.54,0.85,3,-1
338,9,424.88,320.40,63.64,48.48,0.87,6,-1
338,10,386.23,296.20,44.44,47.30,0.84,15,-1
338,11,234.29,402.91,52.67,62.81,0.84,21,-1
339,12,504.64,101.22,44.36,59.83,0.85,3,-1
339,9,424.91,320.40,63.56,48.42,0.87,6,-1
339,10,386.27,296.20,44.42,47.21,0.84,15,-1
339,11,234.34,402.95,52.57,62.72,0.84,21,-1
340,12,505.27,102.21,43.36,58.49,0.84,3,-1
340,9,424.91,320.40,63.56,48.42,0.87,6,-1
340,10,386.27,296.20,44.48,47.21,0.84,15,-1
340,11,234.37,402.84,52.59,62.78,0.84,21,-1
341,12,505.64,102.18,42.72,57.56,0.84,3,-1
341,9,424.91,320.40,63.57,48.42,0.87,6,-1
341,10,386.26,296.19,44.53,47.22,0.84,15,-1
341,11,234.46,402.86,52.48,62.69,0.84,21,-1
342,12,506.56,102.87,41.03,55.02,0.85,3,-1
342,9,424.89,320.39,63.61,48.45,0.87,6,-1
342,10,386.22,296.17,44.60,47.24,0.84,15,-1
342,11,234.43,402.76,52.55,62.80,0.84,21,-1
343,12,507.95,100.72,41.68,56.01,0.85,3,-1
343,9,424.88,320.37,63.70,48.52,0.87,6,-1
343,10,386.10,296.19,44.67,47.36,0.84,15,-1
343,11,234.31,402.68,52.63,62.90,0.84,21,-1
344,12,510.14,100.64,40.86,55.01,0.85,3,-1
344,9,424.90,320.36,63.76,48.57,0.87,6,-1
344,10,386.05,296.17,44.69,47.42,0.84,15,-1
344,11,234.20,402.64,52.73,62.99,0.84,21,-1
345,12,512.24,99.77,40.42,54.56,0.85,3,-1
345,9,424.89,320.37,63.84,48.64,0.87,6,-1
345,10,386.05,296.19,44.65,47.42,0.84,15,-1
345,11,233.93,402.79,52.81,63.00,0.84,21,-1
346,12,514.11,98.80,40.25,54.28,0.85,3,-1
346,9,424.91,320.38,63.83,48.64,0.87,6,-1
346,10,386.05,296.22,44.61,47.42,0.84,15,-1
346,11,233.89,402.86,52.80,62.90,0.84,21,-1
347,12,515.74,97.64,39.88,53.67,0.85,3,-1
347,9,425.01,320.51,63.34,48.24,0.87,6,-1
347,10,386.06,296.24,44.57,47.41,0.84,15,-1
347,11,233.84,402.90,52.76,62.75,0.84,21,-1
348,12,518.40,96.49,39.21,52.86,0.85,3,-1
348,9,425.04,320.57,63.14,48.06,0.87,6,-1
348,10,386.05,296.27,44.50,47.37,0.84,15,-1
348,11,233.84,402.93,52.83,62.73,0.84,21,-1
349,12,520.52,95.92,38.15,51.37,0.85,3,-1
349,9,425.02,320.60,63.11,48.02,0.87,6,-1
349,10,386.05,296.29,44.47,47.36,0.84,15,-1
349,11,233.81,402.63,53.04,62.91,0.84,21,-1
350,12,522.17,95.28,37.72,50.61,0.85,3,-1
350,9,425.79,320.39,63.06,48.03,0.88,6,-1
350,10,386.53,296.05,44.68,47.60,0.86,15,-1
350,11,235.37,401.56,52.99,62.65,0.84,21,-1
351,12,522.60,93.54,38.77,51.97,0.84,3,-1
351,9,426.08,320.31,63.04,48.06,0.88,6,-1
351,10,386.72,295.95,44.76,47.69,0.86,15,-1
351,11,235.83,401.19,53.15,62.67,0.84,21,-1
352,12,523.87,92.38,38.70,51.76,0.85,3,-1
352,9,426.20,320.28,63.02,48.08,0.88,6,-1
352,10,386.79,295.92,44.79,47.73,0.86,15,-1
352,11,236.22,401.25,53.00,62.32,0.84,21,-1
353,12,525.91,90.83,38.77,51.71,0.85,3,-1
353,9,426.24,320.26,63.02,48.13,0.88,6,-1
353,10,386.81,295.92,44.79,47.73,0.86,15,-1
353,11,236.18,401.15,53.16,62.32,0.84,21,-1
354,12,527.29,89.78,38.80,51.64,0.85,3,-1
354,9,426.27,320.27,62.97,48.13,0.88,6,-1
354,10,386.83,295.93,44.76,47.70,0.86,15,-1
354,11,236.13,401.00,53.33,62.36,0.84,21,-1
355,12,528.58,89.19,38.98,51.85,0.84,3,-1
355,9,426.28,320.27,62.93,48.14,0.88,6,-1
355,10,386.84,295.93,44.74,47.69,0.86,15,-1
355,11,236.16,400.94,53.33,62.21,0.84,21,-1
356,12,529.26,88.76,39.09,52.01,0.85,3,-1
356,9,426.28,320.27,62.86,48.12,0.88,6,-1
356,10,386.83,295.93,44.75,47.70,0.86,15,-1
356,11,236.11,400.95,53.40,62.14,0.84,21,-1
357,12,529.80,88.68,38.56,51.32,0.85,3,-1
357,9,426.27,320.27,62.85,48.13,0.88,6,-1
357,10,386.82,295.93,44.77,47.73,0.86,15,-1
357,11,236.04,400.91,53.45,62.09,0.85,21,-1
358,12,530.98,88.57,38.51,51.19,0.85,3,-1
358,9,426.26,320.28,62.80,48.12,0.88,6,-1
358,10,386.78,295.92,44.79,47.76,0.86,15,-1
358,11,236.15,401.13,53.19,61.73,0.84,21,-1
359,12,531.97,88.49,38.62,51.28,0.84,3,-1
359,9,426.25,320.27,62.78,48.13,0.88,6,-1
359,10,386.76,295.89,44.80,47.79,0.86,15,-1
359,11,236.77,401.41,52.65,61.07,0.84,21,-1
360,12,532.63,88.09,38.94,51.59,0.85,3,-1
360,9,426.24,320.27,62.76,48.14,0.88,6,-1
360,10,386.76,295.88,44.80,47.80,0.86,15,-1
360,11,236.39,401.61,52.77,61.14,0.84,21,-1
361,12,533.24,87.70,39.14,51.57,0.85,3,-1
361,9,426.25,320.28,62.67,48.09,0.88,6,-1
361,10,386.74,295.90,44.79,47.79,0.86,15,-1
361,11,236.15,401.67,52.84,61.16,0.84,21,-1
362,12,533.42,87.41,39.50,51.87,0.84,3,-1
362,9,426.34,320.30,62.43,47.93,0.88,6,-1
362,10,386.78,295.93,44.72,47.73,0.86,15,-1
362,11,235.78,401.60,53.09,61.39,0.84,21,-1
363,12,534.17,88.07,39.15,51.18,0.86,3,-1
363,9,426.39,320.32,62.30,47.84,0.88,6,-1
363,10,386.79,295.93,44.68,47.69,0.86,15,-1
363,11,236.09,401.84,52.88,61.14,0.85,21,-1
364,12,534.40,88.20,39.36,51.35,0.85,3,-1
364,9,425.98,320.16,62.83,48.32,0.88,6,-1
364,10,386.75,295.93,44.67,47.68,0.86,15,-1
364,11,236.30,402.00,52.64,60.84,0.84,21,-1
365,12,534.42,88.18,39.85,51.96,0.85,3,-1
365,9,425.83,320.09,63.01,48.53,0.88,6,-1
365,10,386.73,295.92,44.69,47.70,0.86,15,-1
365,11,236.42,402.18,52.50,60.66,0.84,21,-1
366,12,533.97,88.38,40.38,52.62,0.85,3,-1
366,9,425.81,320.07,63.02,48.60,0.88,6,-1
366,10,386.73,295.93,44.66,47.66,0.86,15,-1
366,11,236.33,402.17,52.54,60.68,0.84,21,-1
367,12,533.91,88.82,40.40,52.58,0.85,3,-1
367,9,425.86,320.07,62.92,48.58,0.88,6,-1
367,10,386.74,295.94,44.65,47.63,0.86,15,-1
367,11,236.05,402.03,52.72,60.82,0.84,21,-1
368,12,534.32,88.88,40.09,52.09,0.85,3,-1
368,9,425.88,320.08,62.87,48.58,0.88,6,-1
368,10,386.73,295.95,44.64,47.62,0.86,15,-1
368,16,154.25,344.16,104.15,57.10,0.82,17,-1
368,11,235.97,401.78,52.87,60.94,0.84,21,-1
369,12,534.07,88.73,40.42,52.58,0.85,3,-1
369,9,425.95,320.09,62.85,48.59,0.88,6,-1
369,10,386.68,295.95,44.69,47.66,0.86,15,-1
369,16,154.14,338.93,107.76,59.01,0.84,17,-1
369,11,236.13,401.74,52.89,60.92,0.84,21,-1
370,12,534.05,88.46,40.61,52.79,0.85,3,-1
370,9,425.98,320.09,62.80,48.56,0.88,6,-1
370,10,386.69,295.95,44.66,47.62,0.86,15,-1
370,16,153.38,332.03,105.73,57.74,0.80,17,-1
370,11,236.29,401.93,52.76,60.75,0.84,21,-1
371,12,534.39,88.29,40.57,52.66,0.85,3,-1
371,9,425.98,320.09,62.83,48.60,0.88,6,-1
371,10,386.73,295.91,44.67,47.64,0.86,15,-1
371,16,156.81,326.26,106.16,57.89,0.83,17,-1
371,11,236.46,401.98,52.69,60.66,0.85,21,-1
372,12,535.68,88.61,39.74,51.47,0.85,3,-1
372,9,425.99,320.09,62.82,48.61,0.88,6,-1
372,10,386.76,295.89,44.67,47.65,0.86,15,-1
372,16,159.70,317.49,115.99,63.33,0.87,17,-1
372,11,236.56,402.06,52.67,60.67,0.84,21,-1
373,12,536.93,89.12,39.06,50.49,0.85,3,-1
373,9,426.07,320.11,62.65,48.49,0.88,6,-1
373,10,386.79,295.89,44.61,47.59,0.86,15,-1
373,16,170.20,302.96,119.20,65.70,0.78,17,-1
373,11,236.68,402.18,52.53,60.56,0.84,21,-1
374,12,538.78,89.46,38.18,49.25,0.85,3,-1
374,9,426.06,320.09,62.65,48.51,0.88,6,-1
374,10,386.82,295.87,44.62,47.59,0.86,15,-1
374,16,178.57,289.30,113.51,62.35,0.82,17,-1
374,11,236.80,402.21,52.53,60.66,0.84,21,-1
375,12,541.07,89.46,37.52,48.10,0.85,3,-1
375,9,426.06,320.06,62.60,48.48,0.88,6,-1
375,10,386.84,295.85,44.60,47.56,0.86,15,-1
375,16,180.20,273.92,118.14,64.96,0.88,17,-1
375,11,236.88,402.22,52.55,60.78,0.83,21,-1
376,12,543.65,88.89,37.51,47.77,0.85,3,-1
376,9,426.13,320.03,62.60,48.50,0.88,6,-1
376,10,386.84,295.86,44.57,47.53,0.86,15,-1
376,16,183.40,258.42,125.08,69.07,0.88,17,-1
376,11,236.67,402.18,52.83,61.19,0.83,21,-1
377,12,546.34,88.91,37.18,47.07,0.87,3,-1
377,9,426.15,320.04,62.63,48.51,0.88,6,-1
377,10,386.83,295.85,44.58,47.52,0.86,15,-1
377,16,194.04,239.47,126.50,70.34,0.90,17,-1
377,11,236.67,402.18,52.89,61.35,0.83,21,-1
378,12,551.10,89.69,37.18,46.79,0.86,3,-1
378,9,426.10,319.96,62.72,48.56,0.88,6,-1
378,10,386.81,295.86,44.52,47.46,0.86,15,-1
378,16,212.92,204.97,128.54,71.53,0.90,17,-1
378,11,236.54,402.20,52.98,61.47,0.83,21,-1
379,12,555.25,90.60,36.51,45.54,0.86,3,-1
379,9,426.04,319.86,62.88,48.69,0.88,6,-1
379,10,386.75,295.82,44.55,47.47,0.85,15,-1
379,16,234.24,177.60,126.80,70.50,0.90,17,-1
379,11,236.54,402.70,52.23,60.60,0.83,21,-1
380,12,560.59,92.09,35.44,43.86,0.84,3,-1
380,9,426.04,319.77,62.98,48.82,0.88,6,-1
380,10,386.65,295.87,44.70,47.63,0.85,15,-1
380,16,257.12,155.46,122.46,67.68,0.90,17,-1
380,11,236.61,402.91,51.87,60.17,0.83,21,-1
381,12,565.66,92.67,35.48,43.65,0.83,3,-1
381,9,426.01,319.69,63.06,48.95,0.88,6,-1
381,10,386.57,295.96,44.72,47.64,0.85,15,-1
381,16,282.52,136.13,121.75,66.86,0.90,17,-1
381,11,236.68,403.08,51.64,59.90,0.83,21,-1
382,12,570.40,91.97,34.90,42.66,0.84,3,-1
382,9,426.04,319.67,63.04,48.99,0.88,6,-1
382,10,386.44,295.92,45.08,48.04,0.85,15,-1
382,16,307.02,118.95,119.12,65.11,0.91,17,-1
382,11,236.66,403.17,51.65,59.89,0.83,21,-1
383,12,577.45,89.11,34.03,41.08,0.85,3,-1
383,9,426.15,319.65,62.85,48.89,0.88,6,-1
383,10,386.45,295.89,45.01,47.96,0.85,15,-1
383,16,347.17,98.02,116.90,63.98,0.91,17,-1
383,11,236.69,403.21,51.63,59.88,0.82,21,-1
384,12,581.87,86.77,34.08,40.68,0.84,3,-1
384,9,426.22,319.62,62.71,48.83,0.88,6,-1
384,10,386.51,295.82,45.09,48.06,0.85,15,-1
384,16,375.26,85.20,112.98,62.42,0.90,17,-1
384,11,236.88,403.37,51.37,59.57,0.82,21,-1
385,12,585.26,84.83,33.96,40.12,0.85,3,-1
385,9,426.26,319.65,62.64,48.82,0.88,6,-1
385,10,386.61,295.80,45.11,48.09,0.85,15,-1
385,16,400.20,78.51,105.40,58.89,0.90,17,-1
385,11,237.01,403.41,51.28,59.47,0.82,21,-1
386,12,587.58,82.92,33.67,39.31,0.84,3,-1
386,9,426.29,319.70,62.57,48.81,0.88,6,-1
386,10,386.63,295.79,45.17,48.18,0.85,15,-1
386,16,420.74,74.34,100.83,57.56,0.89,17,-1
386,11,237.03,403.46,51.29,59.46,0.82,21,-1
387,12,589.22,81.01,34.31,39.73,0.85,3,-1
387,9,426.85,319.87,61.90,48.26,0.88,6,-1
387,10,386.63,295.78,45.16,48.18,0.85,15,-1
387,16,438.84,69.46,94.55,55.91,0.89,17,-1
387,11,235.84,403.67,52.17,60.46,0.82,21,-1
388,12,592.13,77.54,35.28,40.52,0.85,3,-1
388,9,426.96,319.93,61.90,48.25,0.88,6,-1
388,10,386.63,295.80,45.12,48.16,0.85,15,-1
388,11,235.36,403.58,52.28,60.52,0.82,21,-1
389,12,594.52,75.59,35.36,40.28,0.83,3,-1
389,17,490.71,61.06,41.80,52.69,0.58,3,-1
389,9,426.43,319.82,62.37,48.68,0.88,6,-1
389,10,386.67,295.80,45.07,48.10,0.85,15,-1
389,11,235.36,403.78,52.02,60.18,0.82,21,-1
390,17,490.71,61.06,41.80,52.69,0.58,3,-1
390,9,426.26,319.78,62.57,48.84,0.88,6,-1
390,10,386.68,295.83,45.04,48.10,0.86,15,-1
390,11,235.46,403.92,52.23,60.46,0.82,21,-1
391,12,596.86,73.00,35.35,39.68,0.85,3,-1
391,9,426.14,319.69,62.73,49.00,0.88,6,-1
391,10,386.73,295.83,44.99,48.05,0.85,15,-1
391,11,235.51,403.80,52.15,60.36,0.82,21,-1
392,12,597.37,71.85,36.06,40.18,0.83,3,-1
392,9,426.09,319.66,62.84,49.11,0.88,6,-1
392,10,386.74,295.83,44.99,48.06,0.86,15,-1
392,11,235.46,403.72,52.24,60.49,0.83,21,-1
393,12,598.33,70.67,35.17,38.95,0.85,3,-1
393,9,426.14,319.71,62.77,49.07,0.88,6,-1
393,10,386.77,295.85,44.96,48.03,0.86,15,-1
393,11,235.40,403.58,52.48,60.78,0.83,21,-1
394,12,598.52,69.81,34.60,38.07,0.85,3,-1
394,9,426.14,319.76,62.71,49.03,0.88,6,-1
394,10,386.75,295.88,44.91,47.99,0.86,15,-1
394,11,235.40,403.56,52.52,60.84,0.83,21,-1
395,12,597.98,68.65,35.18,38.58,0.85,3,-1
395,9,426.17,319.78,62.57,48.92,0.88,6,-1
395,10,386.75,295.92,44.90,47.99,0.86,15,-1
395,11,235.41,403.52,52.57,60.91,0.83,21,-1
396,12,598.12,67.68,35.43,38.85,0.82,3,-1
396,9,426.26,319.81,62.52,48.88,0.88,6,-1
396,10,386.76,295.97,44.89,47.98,0.86,15,-1
396,11,235.47,403.46,52.63,61.00,0.82,21,-1
397,9,426.37,319.84,62.58,48.93,0.88,6,-1
397,10,386.72,295.97,44.94,48.02,0.86,15,-1
397,11,235.49,403.36,52.73,61.16,0.83,21,-1
398,9,426.51,319.81,62.76,49.12,0.88,6,-1
398,10,386.74,296.03,44.98,48.06,0.86,15,-1
398,11,235.32,403.26,53.11,61.67,0.82,21,-1
399,9,426.61,319.67,63.00,49.37,0.88,6,-1
399,10,386.61,295.97,45.33,48.43,0.85,15,-1
399,11,235.15,403.27,53.01,61.54,0.83,21,-1
400,9,426.42,319.71,62.67,49.32,0.87,6,-1
400,10,389.08,302.12,41.27,43.25,0.82,15,-1
400,11,235.48,403.46,52.43,60.98,0.83,21,-1
