49,419,383.04,10.65,102.88,79.04,0.54,16,-1
83,422,254.02,229.00,40.91,52.38,0.81,24,-1
84,422,253.91,212.56,51.21,65.73,0.90,24,-1
85,422,257.36,194.45,52.14,67.19,0.91,24,-1
86,422,260.55,181.73,51.21,66.35,0.91,24,-1
87,422,264.66,167.68,50.11,65.44,0.90,24,-1
88,422,270.00,156.04,48.00,63.05,0.90,24,-1
89,422,272.93,148.89,46.66,61.77,0.91,24,-1
90,422,276.70,142.88,44.88,59.79,0.90,24,-1
91,422,279.46,136.47,43.74,58.79,0.90,24,-1
92,422,281.14,133.15,42.89,58.18,0.90,24,-1
93,422,283.99,129.76,40.82,55.72,0.88,24,-1
94,422,286.60,126.85,39.41,54.04,0.87,24,-1
95,422,288.44,125.38,38.64,53.26,0.88,24,-1
96,422,290.65,123.69,38.42,53.16,0.89,24,-1
97,422,297.23,121.43,30.80,41.17,0.89,24,-1
98,422,300.72,120.84,27.86,35.91,0.91,24,-1
99,422,303.84,120.18,27.53,34.44,0.89,24,-1
100,422,307.50,118.70,28.67,34.90,0.89,24,-1
101,422,309.94,118.14,29.14,34.42,0.90,24,-1
102,422,312.94,117.90,31.23,36.14,0.90,24,-1
103,422,315.26,118.36,32.24,36.47,0.90,24,-1
104,422,317.90,118.67,33.57,37.30,0.90,24,-1
105,422,318.18,117.54,39.92,44.66,0.89,24,-1
106,422,319.32,116.68,43.07,48.48,0.90,24,-1
107,422,321.00,115.05,45.17,50.73,0.91,24,-1
108,422,323.74,113.52,46.51,51.92,0.91,24,-1
109,422,325.39,112.86,47.13,52.11,0.92,24,-1
110,422,327.68,112.81,46.92,50.97,0.92,24,-1
111,422,329.74,112.78,47.29,50.25,0.92,24,-1
112,422,330.82,112.48,48.27,50.59,0.92,24,-1
113,422,332.00,112.06,49.72,51.59,0.92,24,-1
114,422,333.54,111.93,51.28,52.55,0.93,24,-1
115,422,334.33,112.34,52.14,52.70,0.93,24,-1
116,422,335.51,114.01,52.04,52.06,0.93,24,-1
117,422,336.36,115.03,52.18,51.66,0.93,24,-1
118,422,337.44,115.88,52.60,51.71,0.93,24,-1
119,422,338.71,117.09,52.35,51.08,0.92,24,-1
120,422,339.29,117.60,52.38,50.71,0.92,24,-1
121,422,339.43,117.13,52.68,50.64,0.93,24,-1
122,422,339.23,116.27,52.97,50.63,0.93,24,-1
123,422,338.75,113.84,53.90,51.30,0.93,24,-1
124,422,338.62,112.27,54.36,51.67,0.92,24,-1
125,422,336.40,107.07,59.24,56.93,0.91,24,-1
126,422,335.70,103.86,59.67,57.43,0.92,24,-1
127,422,335.17,100.29,59.70,56.88,0.92,24,-1
128,422,336.71,97.82,56.54,51.93,0.92,24,-1
129,422,337.24,95.51,56.60,50.31,0.92,24,-1
130,422,338.72,91.27,57.93,49.99,0.92,24,-1
131,422,340.89,87.83,59.91,50.51,0.90,24,-1
132,422,349.37,84.04,61.93,51.58,0.87,24,-1
133,422,360.06,83.94,62.28,52.12,0.88,24,-1
134,422,368.75,86.61,65.61,54.88,0.88,24,-1
135,422,371.57,88.97,67.94,56.21,0.89,24,-1
136,422,376.04,91.69,67.14,54.39,0.92,24,-1
137,422,378.67,92.03,67.06,53.35,0.91,24,-1
138,422,381.94,89.44,67.39,52.85,0.93,24,-1
139,422,382.83,86.33,69.33,53.87,0.93,24,-1
140,422,382.92,83.75,68.14,52.31,0.91,24,-1
141,422,381.55,81.82,67.82,51.51,0.92,24,-1
142,422,379.42,80.65,65.82,49.46,0.92,24,-1
143,422,377.53,80.53,63.94,47.67,0.91,24,-1
144,422,374.26,80.42,62.18,46.24,0.91,24,-1
145,422,371.57,80.03,61.23,45.55,0.92,24,-1
146,422,369.65,79.78,60.83,45.50,0.90,24,-1
147,422,368.59,80.54,59.44,44.71,0.90,24,-1
148,422,367.37,81.52,58.96,44.69,0.89,24,-1
149,422,366.26,81.60,58.62,44.69,0.89,24,-1
150,422,364.65,81.76,56.76,43.37,0.88,24,-1
151,422,363.52,79.75,57.47,44.42,0.86,24,-1
152,422,362.38,77.91,58.21,45.59,0.87,24,-1
153,422,361.78,77.22,56.68,45.00,0.87,24,-1
154,422,360.97,76.74,56.59,45.53,0.87,24,-1
155,422,360.97,77.12,54.96,44.71,0.88,24,-1
156,422,361.17,77.56,53.53,44.08,0.87,24,-1
157,422,361.35,77.86,52.68,43.92,0.87,24,-1
158,422,361.54,77.89,52.48,44.31,0.86,24,-1
159,422,362.12,77.83,52.32,44.68,0.87,24,-1
160,422,363.24,78.11,51.57,44.51,0.88,24,-1
161,422,364.22,78.26,51.39,44.88,0.87,24,-1
162,422,366.23,79.44,50.93,45.00,0.87,24,-1
163,422,368.34,80.46,49.94,44.63,0.85,24,-1
164,422,370.67,81.03,49.85,45.22,0.86,24,-1
165,422,369.81,77.55,53.15,49.13,0.84,24,-1
166,422,371.04,77.82,53.54,49.92,0.86,24,-1
167,422,372.96,80.08,51.65,48.64,0.83,24,-1
168,422,374.98,78.16,52.78,50.31,0.75,24,-1
173,422,374.18,83.75,51.60,51.51,0.40,24,-1
174,422,374.39,83.26,52.16,54.02,0.82,24,-1
175,422,377.38,86.16,50.66,53.06,0.82,24,-1
176,422,376.99,88.82,50.23,53.46,0.84,24,-1
177,422,376.20,93.44,50.90,54.96,0.89,24,-1
178,422,375.18,100.55,49.98,54.74,0.87,24,-1
179,422,375.29,108.71,46.28,51.01,0.84,24,-1
180,422,372.69,117.66,43.71,48.42,0.85,24,-1
181,422,371.10,126.50,39.21,43.07,0.87,24,-1
182,422,364.49,131.88,39.10,42.72,0.84,24,-1
183,422,358.05,137.79,37.38,40.32,0.87,24,-1
184,422,353.29,140.37,36.82,39.11,0.88,24,-1
185,422,348.13,141.01,37.04,38.77,0.88,24,-1
186,422,344.99,141.12,37.01,38.19,0.89,24,-1
187,422,342.37,140.60,37.18,37.83,0.90,24,-1
188,422,340.18,137.14,37.89,38.18,0.90,24,-1
189,422,338.30,134.25,38.21,38.07,0.89,24,-1
190,422,336.94,128.49,38.70,38.24,0.90,24,-1
191,422,335.82,119.31,38.59,37.78,0.90,24,-1
192,422,335.30,111.40,38.10,36.85,0.90,24,-1
193,422,336.29,97.65,38.83,37.07,0.89,24,-1
194,422,338.32,88.36,39.26,37.08,0.90,24,-1
195,422,342.21,75.91,41.54,38.99,0.90,24,-1
196,422,345.57,66.51,44.20,41.48,0.87,24,-1
197,422,353.21,56.70,44.13,41.13,0.90,24,-1
198,422,358.29,49.81,45.97,42.73,0.88,24,-1
199,422,362.23,40.41,55.80,52.39,0.90,24,-1
200,422,366.05,32.37,61.39,58.24,0.91,24,-1
201,422,371.02,25.92,64.61,62.27,0.90,24,-1
202,422,378.86,16.81,67.33,65.89,0.91,24,-1
203,422,385.94,10.78,68.14,67.55,0.91,24,-1
204,422,390.96,4.73,69.39,69.97,0.92,24,-1
205,422,401.19,-0.60,69.46,70.86,0.90,24,-1
206,422,408.81,-2.41,67.44,69.14,0.90,24,-1
207,422,417.84,-2.35,65.55,66.76,0.89,24,-1
208,422,424.17,-2.03,63.81,64.60,0.90,24,-1
209,422,430.30,-1.61,63.29,63.42,0.92,24,-1
210,422,433.18,-1.92,65.76,65.85,0.92,24,-1
211,422,435.70,-1.49,68.36,68.55,0.91,24,-1
212,422,442.12,2.26,68.73,69.11,0.92,24,-1
213,422,448.36,6.79,69.07,69.39,0.92,24,-1
214,422,454.41,10.46,69.12,69.36,0.93,24,-1
215,422,466.69,18.27,67.71,67.41,0.93,24,-1
216,422,476.22,25.46,65.56,64.38,0.92,24,-1
217,422,483.78,30.93,65.04,62.88,0.92,24,-1
218,422,492.81,41.02,64.22,60.78,0.93,24,-1
219,422,498.63,46.29,65.25,60.67,0.92,24,-1
220,422,506.44,53.84,65.57,59.67,0.91,24,-1
