47,274,437.42,114.90,32.72,47.27,0.56,0,-1
54,275,299.03,76.96,30.87,39.19,0.42,24,-1
55,275,294.23,77.47,30.58,38.76,0.33,24,-1
69,276,202.64,23.59,68.15,54.07,0.65,2,-1
70,276,189.97,19.40,84.26,67.42,0.63,2,-1
71,276,193.42,10.20,88.84,71.88,0.59,2,-1
72,276,198.57,10.60,81.81,67.21,0.54,2,-1
73,280,223.09,43.06,38.19,36.66,0.82,0,-1
74,280,222.61,43.30,36.96,35.44,0.88,0,-1
75,280,215.35,38.37,40.85,39.15,0.51,0,-1
76,280,212.89,37.77,40.26,38.54,0.61,0,-1
76,276,188.41,2.01,86.27,73.44,0.29,2,-1
77,280,207.85,37.45,40.44,38.61,0.85,0,-1
77,276,186.12,2.37,79.82,70.38,0.30,2,-1
78,280,202.27,35.03,43.36,41.40,0.84,0,-1
79,280,197.46,34.05,45.18,43.25,0.73,0,-1
79,276,179.76,1.30,74.66,68.32,0.46,2,-1
80,280,194.81,34.57,45.51,43.79,0.47,0,-1
80,282,191.47,1.06,42.25,68.73,0.63,0,-1
80,276,176.78,1.44,72.23,68.74,0.53,2,-1
81,280,192.23,35.46,44.83,43.30,0.63,0,-1
81,282,188.23,2.00,41.90,68.17,0.50,0,-1
81,276,175.25,2.13,67.36,66.48,0.47,2,-1
82,280,188.00,32.80,48.12,46.90,0.76,0,-1
82,282,185.45,1.34,44.51,72.45,0.42,0,-1
82,276,172.90,2.12,69.05,70.77,0.45,2,-1
83,280,187.62,35.24,44.96,43.94,0.50,0,-1
83,276,172.31,1.56,62.98,66.60,0.71,2,-1
84,276,168.47,1.50,69.96,76.61,0.38,2,-1
85,283,342.51,268.22,102.66,66.31,0.68,1,-1
86,283,341.16,238.06,95.60,61.73,0.92,1,-1
87,283,339.84,221.83,89.33,57.67,0.93,1,-1
88,283,319.93,187.41,94.67,61.54,0.94,1,-1
89,283,297.57,157.73,105.67,69.89,0.88,1,-1
90,283,286.75,144.82,92.68,62.54,0.87,1,-1
91,283,256.23,113.64,85.43,59.02,0.86,1,-1
92,283,237.04,93.11,78.26,55.41,0.86,1,-1
93,283,223.64,77.45,72.38,52.40,0.82,1,-1
94,283,202.34,58.06,71.04,52.49,0.87,1,-1
95,283,187.50,53.42,69.04,51.97,0.89,1,-1
96,283,180.16,53.71,66.94,51.25,0.86,1,-1
97,283,175.04,52.14,64.81,50.21,0.89,1,-1
98,283,179.59,58.40,58.97,45.45,0.79,1,-1
99,283,185.32,50.95,70.54,53.59,0.80,1,-1
100,283,185.03,47.35,75.19,56.30,0.93,1,-1
101,283,183.42,46.54,78.08,57.63,0.93,1,-1
102,283,180.22,44.59,81.04,59.37,0.91,1,-1
103,283,177.02,42.62,83.56,60.86,0.91,1,-1
104,283,173.14,40.29,85.56,62.03,0.92,1,-1
105,283,170.64,38.65,86.08,62.12,0.93,1,-1
106,283,166.46,36.70,86.84,62.52,0.92,1,-1
107,283,163.22,35.25,87.38,62.81,0.92,1,-1
108,283,159.00,34.51,88.60,63.69,0.93,1,-1
109,283,156.07,34.51,88.21,63.16,0.93,1,-1
110,283,154.26,34.59,88.44,63.20,0.93,1,-1
111,283,153.33,36.13,87.14,61.79,0.93,1,-1
112,283,152.97,37.72,86.98,61.29,0.93,1,-1
113,283,153.99,38.86,86.08,60.13,0.93,1,-1
114,283,156.58,40.47,84.96,58.95,0.93,1,-1
115,283,158.28,40.37,85.98,59.56,0.92,1,-1
116,283,159.33,40.18,86.83,60.16,0.92,1,-1
117,283,159.80,39.93,87.54,60.64,0.90,1,-1
117,286,330.82,239.64,94.69,42.37,0.71,4,-1
118,283,158.51,40.15,89.76,62.38,0.91,1,-1
118,286,335.77,222.47,99.13,44.42,0.65,4,-1
118,288,319.36,215.79,117.39,46.03,0.41,10,-1
119,283,153.85,39.73,95.98,67.51,0.92,1,-1
119,286,279.94,186.62,168.51,76.13,0.84,4,-1
120,283,151.51,40.16,98.35,69.94,0.91,1,-1
120,286,247.50,162.59,213.03,97.87,0.85,4,-1
121,283,150.01,39.59,102.66,74.07,0.91,1,-1
121,286,216.47,134.06,256.79,121.43,0.86,4,-1
122,283,149.89,38.61,105.48,77.31,0.92,1,-1
122,286,198.63,115.35,277.84,136.23,0.88,4,-1
123,283,150.72,38.85,106.82,79.24,0.91,1,-1
123,286,183.14,97.50,281.25,144.28,0.90,4,-1
124,283,150.76,39.10,107.77,80.59,0.93,1,-1
124,286,173.94,83.20,275.35,148.74,0.89,4,-1
125,283,149.28,38.05,111.94,84.65,0.92,1,-1
125,286,165.20,67.29,259.70,148.44,0.91,4,-1
126,283,148.95,37.34,112.32,86.05,0.87,1,-1
126,286,160.85,56.16,241.92,146.55,0.92,4,-1
127,283,148.48,33.94,115.38,89.41,0.87,1,-1
127,286,154.72,43.40,223.17,142.54,0.92,4,-1
128,283,147.12,30.04,117.94,92.64,0.85,1,-1
128,286,150.78,36.11,205.93,138.06,0.91,4,-1
129,283,142.56,26.30,122.09,97.74,0.82,1,-1
129,286,150.03,35.86,189.21,132.44,0.89,4,-1
130,283,140.16,26.30,119.10,96.47,0.88,1,-1
130,286,148.07,36.05,184.37,135.76,0.92,4,-1
131,283,140.94,27.23,115.69,94.70,0.88,1,-1
131,286,149.82,36.68,176.84,136.96,0.91,4,-1
132,283,142.56,26.85,114.31,94.50,0.91,1,-1
132,286,154.04,38.19,166.72,135.54,0.91,4,-1
133,283,147.37,25.22,113.87,95.08,0.81,1,-1
133,286,160.56,41.39,152.30,129.10,0.88,4,-1
134,283,155.45,26.63,107.58,91.20,0.76,1,-1
134,286,166.17,42.42,141.55,124.86,0.88,4,-1
135,283,163.13,27.95,102.47,87.67,0.85,1,-1
135,286,171.12,44.04,133.75,122.45,0.87,4,-1
136,283,167.35,26.41,102.52,88.52,0.86,1,-1
136,286,174.59,45.73,128.71,122.04,0.88,4,-1
137,283,168.10,26.04,102.76,89.37,0.87,1,-1
137,286,177.04,46.76,124.92,122.30,0.88,4,-1
138,283,169.18,28.17,100.47,87.27,0.80,1,-1
138,286,177.16,45.64,124.27,125.14,0.85,4,-1
139,283,171.72,29.93,98.91,85.26,0.74,1,-1
139,286,177.21,45.03,122.78,126.32,0.84,4,-1
140,283,173.89,33.22,97.38,83.03,0.69,1,-1
140,286,181.81,51.53,113.32,116.81,0.46,4,-1
141,283,174.08,34.44,99.20,83.46,0.70,1,-1
141,286,188.39,69.17,96.39,97.83,0.48,4,-1
141,290,183.08,118.75,68.36,47.18,0.33,10,-1
142,283,174.99,36.66,96.96,79.79,0.82,1,-1
142,286,183.34,56.95,111.39,115.01,0.83,4,-1
143,283,176.26,37.98,95.03,76.39,0.87,1,-1
143,286,184.34,54.92,111.83,117.60,0.85,4,-1
144,283,176.82,34.45,96.88,77.10,0.82,1,-1
144,286,188.07,50.55,112.15,120.28,0.84,4,-1
145,283,177.55,30.98,98.18,77.54,0.84,1,-1
145,286,191.47,47.76,110.13,120.72,0.87,4,-1
146,283,175.19,22.97,106.94,84.78,0.86,1,-1
146,286,195.08,45.02,107.89,120.91,0.85,4,-1
147,283,175.45,21.26,107.54,85.17,0.87,1,-1
147,286,197.23,42.28,106.39,121.87,0.85,4,-1
148,283,174.64,19.89,107.38,85.15,0.84,1,-1
148,286,198.05,38.68,105.66,123.70,0.87,4,-1
149,283,171.97,15.79,109.90,87.74,0.83,1,-1
149,286,197.57,33.78,105.98,126.74,0.88,4,-1
150,283,172.71,14.73,107.23,85.68,0.84,1,-1
150,286,197.32,29.53,106.14,129.96,0.89,4,-1
151,283,169.49,9.99,109.73,88.40,0.82,1,-1
151,286,197.75,25.06,105.99,132.79,0.88,4,-1
152,283,168.21,7.08,109.45,89.03,0.83,1,-1
152,286,198.23,18.12,106.11,136.73,0.88,4,-1
153,283,168.64,4.73,107.97,88.80,0.84,1,-1
153,286,200.22,14.07,104.22,138.02,0.88,4,-1
154,283,170.72,2.38,106.83,88.51,0.76,1,-1
154,286,203.07,9.55,101.87,138.37,0.90,4,-1
155,283,173.03,1.38,106.04,88.25,0.69,1,-1
155,286,205.67,6.27,99.81,138.62,0.89,4,-1
156,283,177.84,1.17,100.61,82.50,0.63,1,-1
156,286,209.96,3.90,96.68,136.88,0.88,4,-1
157,283,178.56,-0.19,105.70,86.55,0.43,1,-1
157,286,212.06,5.26,92.39,132.94,0.88,4,-1
158,283,181.96,0.42,98.04,78.84,0.66,1,-1
158,286,213.65,5.86,89.13,130.50,0.87,4,-1
159,283,180.16,0.57,96.49,76.78,0.76,1,-1
159,286,212.78,2.63,88.29,131.90,0.85,4,-1
160,283,178.73,0.57,94.37,74.73,0.71,1,-1
160,286,211.54,1.07,86.70,131.85,0.87,4,-1
161,283,175.72,0.55,95.44,75.24,0.75,1,-1
161,286,209.30,1.31,85.18,131.48,0.89,4,-1
162,283,172.76,0.73,95.06,74.06,0.85,1,-1
162,286,207.34,1.20,84.08,131.22,0.88,4,-1
163,283,172.13,0.79,93.87,72.67,0.64,1,-1
163,286,205.27,0.40,82.44,129.45,0.87,4,-1
164,283,171.28,0.93,90.60,69.74,0.48,1,-1
164,286,206.22,1.20,79.21,124.63,0.87,4,-1
165,283,174.20,1.09,87.04,67.20,0.23,1,-1
165,286,206.59,0.40,78.30,123.05,0.86,4,-1
166,286,205.66,-1.04,77.31,121.64,0.88,4,-1
167,286,203.88,-1.77,74.39,115.56,0.87,4,-1
168,286,203.46,-1.29,72.04,109.39,0.85,4,-1
169,286,204.86,-0.37,67.76,98.54,0.78,4,-1
170,286,207.02,0.47,62.19,85.02,0.70,4,-1
171,286,208.04,0.55,58.03,74.32,0.51,4,-1
171,294,195.38,1.15,82.23,73.34,0.70,10,-1
172,294,207.51,1.40,67.49,59.71,0.74,10,-1
173,294,223.10,0.56,54.09,47.00,0.76,10,-1
174,294,234.60,0.32,46.00,38.79,0.86,10,-1
175,294,248.93,0.94,32.69,26.32,0.13,10,-1
