42,20,212.56,382.30,45.00,56.55,0.34,6,-1
44,20,207.18,382.18,44.63,55.58,0.24,6,-1
45,20,205.52,381.61,45.35,55.79,0.25,6,-1
46,21,223.98,373.63,75.72,97.72,0.51,6,-1
48,22,492.52,352.44,141.81,95.51,0.36,3,-1
48,25,237.76,405.24,49.44,61.64,0.84,21,-1
49,22,493.63,352.48,140.09,94.37,0.79,3,-1
49,23,427.53,320.62,57.27,49.13,0.83,6,-1
49,24,387.29,298.17,45.97,47.05,0.84,15,-1
49,25,237.83,405.31,49.17,61.28,0.82,21,-1
50,22,494.18,351.21,139.67,94.00,0.89,3,-1
50,23,428.14,319.96,57.24,49.06,0.86,6,-1
50,24,386.47,297.64,46.17,47.25,0.84,15,-1
50,25,237.70,404.82,49.37,61.49,0.84,21,-1
51,22,496.17,353.06,136.14,91.31,0.89,3,-1
51,23,428.64,319.61,57.43,49.13,0.87,6,-1
51,24,386.15,297.46,46.56,47.65,0.84,15,-1
51,25,237.23,404.34,49.96,62.20,0.84,21,-1
52,22,489.91,348.69,148.24,99.42,0.55,3,-1
52,23,426.47,320.21,55.70,47.55,0.85,6,-1
52,24,385.24,297.38,47.21,48.38,0.84,15,-1
52,25,237.62,403.15,49.12,61.02,0.82,21,-1
67,24,385.33,298.39,47.66,48.64,0.69,15,-1
68,23,425.21,320.18,55.83,47.54,0.72,6,-1
68,24,384.90,298.04,47.72,48.62,0.80,15,-1
69,23,423.85,320.04,55.45,47.09,0.78,6,-1
69,24,384.81,298.23,47.43,48.35,0.84,15,-1
69,25,236.47,400.83,51.34,63.55,0.60,21,-1
70,23,423.66,320.22,55.22,46.69,0.79,6,-1
70,24,385.40,297.86,47.88,48.82,0.83,15,-1
70,25,234.36,398.91,53.19,65.44,0.66,21,-1
71,23,424.25,319.17,56.18,47.42,0.84,6,-1
71,24,385.75,297.72,47.38,48.31,0.84,15,-1
71,25,234.00,400.02,52.88,64.85,0.84,21,-1
72,23,424.49,318.72,56.49,47.58,0.86,6,-1
72,24,386.05,298.14,46.97,47.80,0.83,15,-1
72,25,234.62,400.89,51.65,63.09,0.84,21,-1
73,22,475.42,339.18,167.89,115.85,0.33,3,-1
73,23,426.33,318.80,57.61,48.66,0.82,6,-1
73,24,385.92,297.79,47.21,48.08,0.84,15,-1
73,25,234.91,401.55,51.32,62.50,0.84,21,-1
74,22,475.00,336.73,164.94,116.14,0.20,3,-1
74,23,427.50,319.52,56.57,47.75,0.86,6,-1
74,24,386.06,298.07,46.76,47.68,0.83,15,-1
74,25,235.06,401.61,51.53,62.60,0.84,21,-1
75,22,483.21,342.07,150.65,107.12,0.54,3,-1
75,23,427.56,319.97,56.07,47.20,0.86,6,-1
75,24,384.70,297.85,47.36,48.23,0.84,15,-1
75,25,235.33,401.51,52.00,62.89,0.84,21,-1
76,22,488.97,346.51,134.15,95.58,0.67,3,-1
76,23,426.72,319.92,55.18,46.18,0.88,6,-1
76,24,383.92,297.98,47.13,47.90,0.84,15,-1
76,25,236.37,401.06,52.57,63.52,0.84,21,-1
77,22,493.14,348.48,131.91,93.09,0.78,3,-1
77,23,426.42,320.06,54.87,45.63,0.87,6,-1
77,24,383.98,297.92,47.29,48.17,0.85,15,-1
77,25,236.76,400.86,52.79,63.66,0.83,21,-1
78,22,494.88,350.71,134.21,93.25,0.81,3,-1
78,23,426.27,319.78,55.98,46.47,0.88,6,-1
78,24,384.14,297.34,47.82,48.79,0.86,15,-1
78,25,235.90,401.90,52.30,62.84,0.82,21,-1
79,22,495.04,351.19,136.17,92.94,0.83,3,-1
79,23,426.06,319.43,57.34,47.44,0.87,6,-1
79,24,383.82,296.32,48.07,49.25,0.87,15,-1
79,25,235.72,401.89,52.53,63.25,0.82,21,-1
80,22,496.15,352.52,136.38,91.50,0.85,3,-1
80,23,426.33,319.41,57.59,47.56,0.88,6,-1
80,24,383.41,295.89,48.75,50.07,0.88,15,-1
80,25,235.77,403.02,51.66,62.22,0.82,21,-1
81,22,495.43,352.85,139.95,92.70,0.86,3,-1
81,23,426.31,319.31,57.92,47.71,0.88,6,-1
81,24,383.35,295.82,49.02,50.47,0.88,15,-1
81,25,235.73,403.63,51.17,61.61,0.82,21,-1
82,22,492.80,354.01,140.72,93.21,0.68,3,-1
82,23,425.87,319.03,58.70,48.18,0.88,6,-1
82,24,383.57,295.84,48.68,50.32,0.88,15,-1
82,25,235.37,403.71,51.39,61.90,0.83,21,-1
83,22,494.15,354.37,140.33,92.56,0.52,3,-1
83,23,425.61,318.92,59.06,48.34,0.88,6,-1
83,24,384.27,295.88,48.07,49.88,0.88,15,-1
83,25,235.38,403.88,51.44,61.94,0.84,21,-1
84,22,489.00,352.51,146.18,97.48,0.35,3,-1
84,23,426.46,319.01,58.72,47.96,0.88,6,-1
84,24,384.73,295.72,48.10,49.91,0.88,15,-1
84,25,236.11,404.23,50.82,61.20,0.84,21,-1
85,22,490.99,350.26,141.29,93.65,0.77,3,-1
85,26,503.18,350.41,64.54,87.53,0.74,3,-1
85,23,426.64,318.81,59.27,48.33,0.88,6,-1
85,24,385.07,295.66,48.04,49.87,0.87,15,-1
85,25,236.20,404.41,50.62,60.97,0.84,21,-1
86,22,493.91,345.65,141.63,92.89,0.83,3,-1
86,23,426.26,318.86,59.35,48.32,0.87,6,-1
86,24,385.21,295.67,47.68,49.54,0.87,15,-1
86,25,236.07,404.25,50.77,61.15,0.84,21,-1
87,22,502.05,335.33,133.69,86.40,0.87,3,-1
87,23,426.01,318.85,59.80,48.61,0.87,6,-1
87,24,385.27,295.70,47.52,49.41,0.87,15,-1
87,25,235.90,404.23,50.73,61.08,0.84,21,-1
88,22,502.42,310.75,130.67,84.14,0.64,3,-1
88,23,425.80,318.77,60.34,49.00,0.87,6,-1
88,24,385.29,295.70,47.48,49.41,0.87,15,-1
88,25,235.85,404.25,50.67,60.97,0.84,21,-1
89,22,459.89,237.57,223.81,152.18,0.86,3,-1
89,23,425.53,318.71,60.78,49.32,0.87,6,-1
89,24,384.97,295.85,47.63,49.72,0.87,15,-1
89,25,235.84,404.28,50.61,60.88,0.84,21,-1
90,22,434.10,186.95,281.04,203.88,0.77,3,-1
90,23,425.39,318.71,61.19,49.58,0.88,6,-1
90,24,384.79,295.90,47.77,50.08,0.87,15,-1
90,25,235.83,404.25,50.63,60.89,0.84,21,-1
91,22,426.44,134.20,308.72,240.27,0.88,3,-1
91,23,425.35,318.70,61.22,49.52,0.87,6,-1
91,24,384.80,295.91,47.69,50.19,0.87,15,-1
91,25,235.70,404.27,50.67,60.94,0.84,21,-1
92,22,418.15,95.49,325.23,270.56,0.87,3,-1
92,23,425.30,318.62,61.75,49.90,0.87,6,-1
92,24,384.92,295.94,47.44,50.09,0.87,15,-1
92,25,235.66,404.20,50.76,61.06,0.84,21,-1
93,22,417.81,34.93,308.87,274.62,0.84,3,-1
93,23,425.61,318.62,61.92,49.85,0.87,6,-1
93,24,384.98,296.01,47.25,50.04,0.87,15,-1
93,25,235.54,404.05,50.93,61.27,0.84,21,-1
94,22,418.11,4.85,277.21,261.83,0.86,3,-1
94,23,425.79,318.74,61.94,49.71,0.87,6,-1
94,24,385.12,296.07,46.91,49.80,0.87,15,-1
94,25,235.56,404.10,50.81,61.12,0.84,21,-1
95,22,420.06,-4.36,236.05,236.29,0.86,3,-1
95,23,425.45,318.55,62.42,50.10,0.88,6,-1
95,24,385.30,296.10,46.74,49.73,0.87,15,-1
95,25,235.52,404.13,50.83,61.15,0.83,21,-1
96,22,413.75,-8.07,207.68,220.01,0.86,3,-1
96,23,425.39,318.50,62.56,50.22,0.88,6,-1
96,24,385.48,296.11,46.48,49.56,0.87,15,-1
96,25,235.46,404.34,50.86,61.17,0.83,21,-1
97,22,406.52,-5.57,186.26,208.04,0.85,3,-1
97,23,425.40,318.47,62.70,50.33,0.88,6,-1
97,24,385.72,296.14,46.18,49.31,0.86,15,-1
97,25,235.36,404.41,50.97,61.28,0.83,21,-1
98,22,399.77,-3.89,166.61,195.37,0.88,3,-1
98,23,425.36,318.38,62.87,50.50,0.88,6,-1
98,24,385.82,296.07,46.09,49.28,0.86,15,-1
98,25,235.35,404.52,50.92,61.22,0.83,21,-1
99,22,407.83,17.85,142.14,172.19,0.90,3,-1
99,23,425.28,318.33,63.07,50.70,0.87,6,-1
99,24,385.80,295.99,46.15,49.39,0.86,15,-1
99,25,235.27,404.50,51.00,61.29,0.83,21,-1
100,22,421.02,48.59,117.81,143.95,0.92,3,-1
100,23,426.54,319.21,62.71,50.34,0.87,6,-1
100,24,386.17,296.65,45.60,48.71,0.85,15,-1
100,25,236.01,402.68,52.80,63.48,0.83,21,-1
101,22,438.30,81.28,95.46,115.04,0.91,3,-1
101,23,427.01,319.55,62.49,50.11,0.87,6,-1
101,24,386.31,296.92,45.43,48.44,0.85,15,-1
101,25,236.27,402.00,53.48,64.31,0.83,21,-1
102,22,456.64,102.90,80.65,93.50,0.89,3,-1
102,23,427.08,319.77,62.53,50.09,0.87,6,-1
102,24,386.30,297.03,45.39,48.31,0.86,15,-1
102,25,236.34,401.69,53.77,64.67,0.84,21,-1
103,22,482.09,113.48,73.63,80.25,0.89,3,-1
103,23,426.90,319.89,62.69,50.14,0.87,6,-1
103,24,386.23,297.02,45.47,48.31,0.86,15,-1
103,25,236.36,401.60,53.85,64.77,0.84,21,-1
104,22,497.71,112.24,74.79,78.76,0.89,3,-1
104,23,426.66,319.89,63.02,50.36,0.87,6,-1
104,24,386.16,296.97,45.63,48.42,0.86,15,-1
104,25,236.45,401.56,53.75,64.65,0.84,21,-1
105,22,510.22,108.09,74.82,76.92,0.88,3,-1
105,23,426.56,319.87,63.17,50.46,0.87,6,-1
105,24,386.10,296.93,45.80,48.56,0.86,15,-1
105,25,236.43,401.66,53.62,64.50,0.84,21,-1
106,22,516.92,95.35,81.09,82.98,0.89,3,-1
106,23,426.53,319.88,63.21,50.47,0.87,6,-1
106,24,386.02,296.98,45.88,48.59,0.86,15,-1
106,25,236.46,401.74,53.54,64.40,0.84,21,-1
107,22,525.34,90.04,80.48,81.90,0.89,3,-1
107,23,426.45,319.91,63.32,50.53,0.87,6,-1
107,24,385.94,296.98,46.02,48.68,0.86,15,-1
107,25,236.54,401.79,53.45,64.29,0.84,21,-1
108,22,540.60,82.39,70.42,70.40,0.82,3,-1
108,30,568.78,81.43,43.74,47.70,0.81,3,-1
108,23,426.55,319.97,63.22,50.41,0.87,6,-1
108,24,385.97,296.98,46.03,48.65,0.86,15,-1
108,25,236.57,401.81,53.38,64.19,0.84,21,-1
109,30,573.59,75.52,40.94,44.62,0.85,3,-1
109,23,426.56,320.00,63.11,50.29,0.87,6,-1
109,24,385.89,296.92,46.11,48.72,0.86,15,-1
109,25,236.57,401.88,53.33,64.13,0.84,21,-1
110,30,573.71,70.87,39.44,42.95,0.87,3,-1
110,23,426.66,319.98,63.02,50.17,0.87,6,-1
110,24,385.87,296.92,46.07,48.67,0.86,15,-1
110,25,236.54,401.86,53.35,64.15,0.84,21,-1
111,30,572.75,69.11,39.04,42.60,0.88,3,-1
111,23,426.58,319.92,63.06,50.19,0.87,6,-1
111,24,385.93,296.93,46.00,48.59,0.86,15,-1
111,25,236.59,401.92,53.20,63.94,0.84,21,-1
112,30,569.87,68.78,40.10,43.98,0.87,3,-1
112,23,426.52,319.90,63.18,50.29,0.87,6,-1
112,24,386.00,296.94,45.90,48.47,0.86,15,-1
112,25,236.61,401.99,53.11,63.80,0.84,21,-1
113,30,564.84,68.87,39.75,43.88,0.87,3,-1
113,23,426.61,319.88,63.23,50.33,0.87,6,-1
113,24,386.02,296.96,45.84,48.39,0.86,15,-1
113,25,236.62,402.03,53.07,63.73,0.84,21,-1
114,30,560.97,69.05,39.59,43.93,0.89,3,-1
114,23,426.66,319.87,63.22,50.31,0.87,6,-1
114,24,386.03,297.00,45.82,48.35,0.86,15,-1
114,25,236.62,402.05,53.06,63.69,0.84,21,-1
115,30,557.23,69.47,38.99,43.32,0.87,3,-1
115,23,426.63,319.86,63.19,50.30,0.87,6,-1
115,24,386.03,297.01,45.82,48.33,0.86,15,-1
115,25,236.62,402.02,53.15,63.77,0.84,21,-1
116,30,554.18,70.00,39.31,43.80,0.89,3,-1
116,23,426.59,319.85,63.16,50.28,0.87,6,-1
116,24,386.02,296.99,45.83,48.33,0.86,15,-1
116,25,236.69,402.00,53.05,63.60,0.84,21,-1
117,30,552.61,70.88,38.81,43.32,0.88,3,-1
117,23,426.56,319.84,63.13,50.26,0.87,6,-1
117,24,386.01,296.98,45.85,48.34,0.86,15,-1
117,25,236.70,401.98,53.05,63.56,0.84,21,-1
118,30,549.90,72.48,40.03,44.45,0.88,3,-1
118,23,426.59,319.81,63.13,50.27,0.87,6,-1
118,24,385.98,296.99,45.84,48.32,0.86,15,-1
118,25,236.68,401.97,53.09,63.58,0.84,21,-1
119,30,548.18,73.51,41.20,45.67,0.86,3,-1
119,23,426.63,319.82,63.06,50.20,0.87,6,-1
119,24,386.00,297.03,45.80,48.26,0.86,15,-1
119,25,236.67,401.96,53.13,63.59,0.84,21,-1
120,30,547.10,74.87,42.04,46.61,0.88,3,-1
120,23,426.56,319.82,63.08,50.20,0.87,6,-1
120,24,385.97,297.05,45.77,48.21,0.86,15,-1
120,25,236.65,401.93,53.20,63.65,0.84,21,-1
121,30,547.26,77.88,41.68,46.50,0.87,3,-1
121,23,426.56,319.86,62.96,50.08,0.87,6,-1
121,24,385.96,297.06,45.75,48.18,0.86,15,-1
121,25,236.67,401.97,53.17,63.60,0.84,21,-1
122,30,545.56,79.53,41.88,46.99,0.87,3,-1
122,23,426.56,319.87,62.90,50.01,0.87,6,-1
122,24,385.95,297.06,45.77,48.17,0.86,15,-1
122,25,236.67,401.99,53.18,63.58,0.84,21,-1
123,30,543.21,81.64,42.33,47.82,0.88,3,-1
123,23,426.56,319.86,62.89,49.98,0.87,6,-1
123,24,385.94,297.05,45.75,48.15,0.86,15,-1
123,25,236.66,401.98,53.24,63.63,0.84,21,-1
124,30,541.67,83.67,42.45,48.29,0.87,3,-1
124,23,426.56,319.83,62.94,50.02,0.87,6,-1
124,24,385.88,297.01,45.81,48.21,0.86,15,-1
124,25,236.65,401.96,53.30,63.69,0.84,21,-1
125,30,540.42,85.15,43.03,49.28,0.86,3,-1
125,23,426.55,319.80,62.96,50.02,0.87,6,-1
125,24,385.82,296.98,45.87,48.27,0.86,15,-1
125,25,236.47,401.87,53.53,63.96,0.84,21,-1
126,30,539.15,86.58,42.87,49.30,0.86,3,-1
126,23,426.52,319.78,62.92,49.98,0.87,6,-1
126,24,385.88,297.01,45.84,48.25,0.86,15,-1
126,25,236.40,401.77,53.74,64.21,0.84,21,-1
127,30,537.85,87.80,43.22,49.99,0.85,3,-1
127,23,426.51,319.78,62.92,49.97,0.87,6,-1
127,24,385.91,297.02,45.83,48.25,0.86,15,-1
127,25,236.38,401.71,53.85,64.34,0.84,21,-1
128,30,534.93,89.22,44.36,51.91,0.86,3,-1
128,23,426.55,319.86,62.75,49.81,0.87,6,-1
128,24,385.94,297.02,45.75,48.16,0.86,15,-1
128,25,236.27,401.61,53.97,64.46,0.84,21,-1
129,30,533.10,91.38,44.44,52.53,0.87,3,-1
129,23,426.56,319.91,62.68,49.72,0.87,6,-1
129,24,385.96,297.04,45.69,48.10,0.86,15,-1
129,25,236.23,401.58,54.00,64.49,0.84,21,-1
130,30,531.19,93.32,44.08,52.45,0.86,3,-1
130,23,426.60,319.96,62.32,49.40,0.86,6,-1
130,24,385.96,297.05,45.69,48.10,0.86,15,-1
130,25,236.21,401.52,54.11,64.62,0.84,21,-1
131,30,529.33,94.94,43.71,52.22,0.85,3,-1
131,23,426.63,319.98,62.19,49.28,0.86,6,-1
131,24,385.94,297.06,45.69,48.09,0.86,15,-1
131,25,236.19,401.49,54.17,64.71,0.84,21,-1
132,30,527.01,96.81,44.16,53.02,0.88,3,-1
132,23,426.60,319.94,62.19,49.26,0.86,6,-1
132,24,385.85,296.84,45.73,48.11,0.85,15,-1
132,25,236.18,401.50,54.17,64.73,0.84,21,-1
133,30,523.34,99.85,44.21,53.14,0.87,3,-1
133,23,426.61,319.98,62.12,49.18,0.86,6,-1
133,24,385.86,296.80,45.69,48.04,0.85,15,-1
133,25,236.10,401.51,54.11,64.70,0.83,21,-1
134,30,520.84,102.24,43.28,51.94,0.86,3,-1
134,23,426.54,319.97,62.17,49.21,0.86,6,-1
134,24,385.84,296.76,45.67,47.99,0.85,15,-1
134,25,236.08,401.50,54.09,64.71,0.83,21,-1
135,30,518.22,103.24,43.46,52.23,0.86,3,-1
135,23,426.55,319.99,62.11,49.15,0.86,6,-1
135,24,385.83,296.77,45.65,47.96,0.86,15,-1
135,25,236.10,401.52,54.04,64.69,0.83,21,-1
136,30,516.33,104.93,43.26,51.91,0.87,3,-1
136,23,426.52,320.01,62.12,49.14,0.86,6,-1
136,24,385.77,296.81,45.67,47.96,0.86,15,-1
136,25,236.10,401.54,53.99,64.65,0.83,21,-1
137,30,514.78,105.95,43.26,51.67,0.87,3,-1
137,23,426.55,320.04,62.04,49.05,0.86,6,-1
137,24,385.74,296.82,45.71,47.99,0.86,15,-1
137,25,236.10,401.55,53.95,64.64,0.83,21,-1
138,30,512.17,108.51,43.46,51.82,0.86,3,-1
138,23,426.54,320.03,62.08,49.07,0.86,6,-1
138,24,385.69,296.84,45.73,48.01,0.85,15,-1
138,25,236.11,401.55,53.92,64.64,0.83,21,-1
139,30,510.46,112.36,42.13,49.96,0.84,3,-1
139,23,426.55,320.03,62.02,49.02,0.86,6,-1
139,24,385.74,296.93,45.66,47.91,0.85,15,-1
139,25,236.12,401.62,53.85,64.59,0.84,21,-1
140,30,508.78,114.89,41.04,48.30,0.84,3,-1
140,23,426.60,320.06,61.98,48.97,0.86,6,-1
140,24,385.73,297.00,45.62,47.86,0.85,15,-1
140,25,236.11,401.64,53.79,64.56,0.83,21,-1
141,30,506.38,117.93,39.81,46.60,0.84,3,-1
141,23,426.64,320.09,61.88,48.86,0.86,6,-1
141,24,385.76,297.03,45.56,47.78,0.85,15,-1
141,25,236.11,401.65,53.77,64.57,0.83,21,-1
142,30,504.55,120.76,38.51,44.54,0.85,3,-1
142,23,426.69,320.11,61.86,48.84,0.86,6,-1
142,24,385.73,297.02,45.66,47.87,0.85,15,-1
142,25,236.03,401.58,53.81,64.74,0.83,21,-1
143,30,498.67,121.77,39.71,45.95,0.86,3,-1
143,23,426.74,320.10,61.85,48.83,0.86,6,-1
143,24,385.72,297.01,45.76,47.95,0.85,15,-1
143,25,236.01,401.51,53.84,64.91,0.84,21,-1
144,30,495.64,124.78,38.70,44.55,0.84,3,-1
144,23,426.75,320.13,61.77,48.75,0.86,6,-1
144,24,385.71,297.02,45.78,47.94,0.85,15,-1
144,25,236.03,401.54,53.71,64.86,0.84,21,-1
145,30,493.44,126.78,37.73,42.79,0.86,3,-1
145,23,426.69,320.13,61.86,48.82,0.86,6,-1
145,24,385.71,297.01,45.82,47.96,0.85,15,-1
145,25,236.07,401.56,53.59,64.81,0.84,21,-1
146,30,490.82,130.02,36.24,40.71,0.86,3,-1
146,23,426.67,320.12,61.89,48.83,0.86,6,-1
146,24,385.76,297.07,45.75,47.86,0.85,15,-1
146,25,236.14,401.54,53.56,64.84,0.84,21,-1
147,30,488.96,132.34,35.34,39.30,0.86,3,-1
147,23,426.65,320.18,61.89,48.81,0.87,6,-1
147,24,385.74,297.09,45.78,47.86,0.85,15,-1
147,25,236.22,401.55,53.51,64.84,0.84,21,-1
148,30,485.12,134.18,35.44,39.16,0.86,3,-1
148,23,426.46,320.16,62.08,48.95,0.86,6,-1
148,24,385.74,297.13,45.83,47.89,0.85,15,-1
148,25,236.24,401.50,53.50,64.90,0.84,21,-1
149,30,482.39,136.45,34.36,37.51,0.85,3,-1
149,23,426.40,320.19,62.01,48.88,0.86,6,-1
149,24,385.76,297.12,45.87,47.89,0.85,15,-1
149,25,236.23,401.51,53.39,64.84,0.83,21,-1
150,30,480.67,138.12,33.73,36.29,0.86,3,-1
150,23,426.33,320.21,61.91,48.80,0.87,6,-1
150,24,386.11,296.73,45.79,47.86,0.85,15,-1
150,25,235.58,401.84,53.43,64.88,0.84,21,-1
151,30,478.36,138.99,33.02,35.08,0.86,3,-1
151,23,426.40,320.20,61.79,48.72,0.87,6,-1
151,24,386.26,296.57,45.74,47.84,0.85,15,-1
151,25,235.36,401.94,53.43,64.88,0.84,21,-1
152,30,476.56,139.96,32.56,34.02,0.85,3,-1
152,23,426.45,320.18,61.72,48.69,0.87,6,-1
152,24,386.31,296.51,45.73,47.86,0.85,15,-1
152,25,235.53,402.60,52.50,63.72,0.83,21,-1
153,30,473.38,140.66,33.14,34.10,0.84,3,-1
153,23,426.51,320.17,61.59,48.59,0.87,6,-1
153,24,386.29,296.45,45.74,47.91,0.85,15,-1
153,25,235.26,402.24,53.07,64.46,0.83,21,-1
154,30,471.34,141.49,33.22,33.68,0.84,3,-1
154,23,426.54,320.16,61.59,48.60,0.87,6,-1
154,24,386.31,296.42,45.72,47.92,0.85,15,-1
154,25,235.17,402.10,53.28,64.76,0.83,21,-1
155,30,469.52,141.90,33.56,33.50,0.83,3,-1
155,23,426.54,320.14,61.60,48.61,0.87,6,-1
155,24,386.31,296.41,45.69,47.91,0.85,15,-1
155,25,235.18,402.07,53.30,64.83,0.83,21,-1
156,30,467.00,142.38,34.00,33.56,0.84,3,-1
156,23,426.49,320.09,61.66,48.68,0.88,6,-1
156,24,386.34,296.42,45.60,47.86,0.85,15,-1
156,25,235.13,401.94,53.46,65.03,0.83,21,-1
157,30,465.43,142.56,34.18,33.46,0.83,3,-1
157,23,426.49,320.09,61.64,48.67,0.88,6,-1
157,24,386.40,296.44,45.50,47.78,0.85,15,-1
157,25,235.19,401.91,53.46,65.05,0.83,21,-1
158,30,462.02,143.11,34.85,33.89,0.84,3,-1
158,23,426.52,320.07,61.63,48.66,0.88,6,-1
158,24,386.43,296.44,45.44,47.74,0.85,15,-1
158,25,235.20,401.88,53.46,65.05,0.83,21,-1
159,30,459.60,143.20,35.45,34.28,0.84,3,-1
159,23,426.53,320.06,61.64,48.69,0.88,6,-1
159,24,386.41,296.42,45.46,47.79,0.85,15,-1
159,25,235.38,401.92,53.31,64.88,0.83,21,-1
160,30,458.04,144.02,35.26,33.91,0.84,3,-1
160,23,426.54,320.05,61.65,48.71,0.87,6,-1
160,24,386.41,296.39,45.47,47.82,0.85,15,-1
160,25,235.43,401.98,53.22,64.77,0.83,21,-1
161,30,457.03,144.31,35.10,33.34,0.84,3,-1
161,23,426.52,320.01,61.70,48.77,0.87,6,-1
161,24,386.38,296.36,45.54,47.92,0.85,15,-1
161,25,235.43,401.98,53.25,64.81,0.83,21,-1
162,30,456.23,144.88,35.41,33.30,0.84,3,-1
162,23,426.54,320.02,61.68,48.77,0.87,6,-1
162,24,386.37,296.36,45.51,47.91,0.85,15,-1
162,25,235.83,401.89,53.21,64.85,0.83,21,-1
163,30,453.44,144.66,36.09,33.78,0.83,3,-1
163,23,426.53,320.00,61.69,48.77,0.87,6,-1
163,24,386.38,296.37,45.44,47.86,0.85,15,-1
163,25,235.58,402.12,52.84,64.45,0.83,21,-1
164,30,452.38,144.88,35.87,33.36,0.83,3,-1
164,23,426.54,320.01,61.68,48.76,0.87,6,-1
164,24,386.40,296.38,45.38,47.83,0.85,15,-1
164,25,235.51,402.22,52.66,64.27,0.83,21,-1
165,30,451.89,144.75,35.93,33.24,0.83,3,-1
165,23,426.55,320.00,61.71,48.78,0.87,6,-1
165,24,386.39,296.37,45.33,47.79,0.85,15,-1
165,25,235.45,402.12,52.71,64.37,0.83,21,-1
166,30,452.00,144.45,36.21,33.29,0.83,3,-1
166,23,426.55,319.98,61.72,48.78,0.87,6,-1
166,24,386.39,296.38,45.28,47.76,0.85,15,-1
166,25,235.46,402.11,52.57,64.24,0.83,21,-1
167,30,452.49,144.21,36.41,33.24,0.83,3,-1
167,23,426.53,319.98,61.74,48.79,0.87,6,-1
167,24,386.37,296.37,45.30,47.80,0.85,15,-1
167,25,235.54,402.12,52.43,64.09,0.83,21,-1
168,30,454.01,143.91,36.79,33.40,0.82,3,-1
168,23,426.07,319.80,62.28,49.25,0.87,6,-1
168,24,386.41,296.38,45.15,47.65,0.85,15,-1
168,25,235.62,402.18,52.25,63.90,0.83,21,-1
169,30,454.80,143.38,37.35,33.77,0.84,3,-1
169,23,426.40,319.89,61.84,48.88,0.87,6,-1
169,24,386.43,296.39,45.09,47.60,0.85,15,-1
169,25,235.67,402.17,52.23,63.90,0.83,21,-1
170,30,455.44,143.23,37.54,33.79,0.84,3,-1
170,23,426.53,319.92,61.65,48.72,0.88,6,-1
170,24,386.45,296.39,45.02,47.54,0.85,15,-1
170,25,235.70,402.16,52.15,63.84,0.83,21,-1
171,30,455.90,143.18,37.83,33.93,0.84,3,-1
171,23,426.56,319.94,61.60,48.66,0.88,6,-1
171,24,386.45,296.40,44.98,47.50,0.85,15,-1
171,25,235.69,402.08,52.17,63.91,0.83,21,-1
172,30,456.11,143.25,38.05,34.05,0.83,3,-1
172,23,426.58,319.94,61.59,48.64,0.88,6,-1
172,24,386.46,296.40,44.96,47.50,0.85,15,-1
172,25,235.70,402.02,52.19,63.98,0.83,21,-1
173,30,456.36,143.25,38.46,34.25,0.84,3,-1
173,23,426.56,319.94,61.59,48.64,0.88,6,-1
173,24,386.44,296.40,44.94,47.48,0.85,15,-1
173,25,235.78,402.01,52.17,64.01,0.83,21,-1
174,30,456.64,142.96,38.42,34.07,0.84,3,-1
174,23,426.57,319.94,61.61,48.65,0.88,6,-1
174,24,386.44,296.42,44.91,47.45,0.85,15,-1
174,25,235.82,402.00,52.16,64.04,0.83,21,-1
175,30,456.79,142.70,38.47,33.96,0.84,3,-1
175,23,426.56,319.92,61.63,48.66,0.88,6,-1
175,24,386.56,296.63,44.76,47.22,0.85,15,-1
175,25,235.82,401.95,52.18,64.09,0.83,21,-1
176,30,456.73,141.96,38.81,34.18,0.84,3,-1
176,23,426.10,319.73,62.15,49.11,0.88,6,-1
176,24,386.63,296.72,44.71,47.09,0.85,15,-1
176,25,235.85,401.92,52.17,64.11,0.83,21,-1
177,30,456.67,141.54,39.02,34.28,0.84,3,-1
177,23,426.43,319.84,61.75,48.79,0.88,6,-1
177,24,386.64,296.76,44.71,47.03,0.85,15,-1
177,25,235.85,401.92,52.14,64.11,0.83,21,-1
178,30,456.86,141.21,38.86,34.03,0.84,3,-1
178,23,426.55,319.89,61.61,48.67,0.88,6,-1
178,24,386.62,296.77,44.73,46.99,0.84,15,-1
178,25,235.85,401.95,52.10,64.08,0.83,21,-1
179,30,456.83,141.14,38.67,33.78,0.84,3,-1
179,23,426.61,319.93,61.50,48.57,0.88,6,-1
179,24,386.45,296.57,44.95,47.25,0.84,15,-1
179,25,235.87,401.97,52.05,64.05,0.83,21,-1
180,30,457.22,140.96,38.48,33.57,0.84,3,-1
180,23,426.64,319.94,61.46,48.53,0.88,6,-1
180,24,386.53,296.70,44.82,47.06,0.84,15,-1
180,25,235.84,401.98,52.04,64.06,0.83,21,-1
181,30,458.04,140.98,38.00,33.14,0.85,3,-1
181,23,426.67,319.95,61.40,48.48,0.88,6,-1
181,24,386.40,296.57,44.97,47.24,0.85,15,-1
181,25,235.83,402.01,52.00,64.03,0.83,21,-1
182,30,459.40,140.98,37.95,33.03,0.85,3,-1
182,23,426.66,319.95,61.37,48.44,0.88,6,-1
182,24,386.48,296.72,44.81,47.03,0.84,15,-1
182,25,235.84,402.01,51.99,64.04,0.83,21,-1
183,30,462.42,140.11,38.71,33.59,0.85,3,-1
183,23,426.62,319.96,61.37,48.41,0.88,6,-1
183,24,386.54,296.80,44.71,46.86,0.85,15,-1
183,25,235.85,402.02,51.97,64.04,0.83,21,-1
184,30,464.60,138.79,39.57,34.33,0.85,3,-1
184,23,426.59,319.95,61.40,48.42,0.88,6,-1
184,24,386.55,296.83,44.75,46.86,0.85,15,-1
184,25,235.85,402.01,51.97,64.06,0.83,21,-1
185,30,465.82,137.02,41.12,35.90,0.85,3,-1
185,23,426.58,319.93,61.39,48.40,0.88,6,-1
185,24,386.52,296.84,44.85,46.92,0.85,15,-1
185,25,235.82,401.99,51.99,64.11,0.83,21,-1
186,30,467.58,134.46,43.23,38.17,0.85,3,-1
186,23,426.57,319.94,61.40,48.40,0.88,6,-1
186,24,386.49,296.83,44.96,47.00,0.85,15,-1
186,25,235.82,402.00,51.99,64.12,0.83,21,-1
187,30,469.05,132.13,44.29,39.60,0.86,3,-1
187,23,426.57,319.97,61.37,48.36,0.88,6,-1
187,24,386.47,296.83,44.96,46.96,0.85,15,-1
187,25,235.84,402.01,51.96,64.11,0.83,21,-1
188,30,473.65,130.51,43.72,39.55,0.86,3,-1
188,23,426.65,320.03,61.20,48.21,0.88,6,-1
188,24,386.38,296.66,45.06,47.12,0.85,15,-1
188,25,235.85,402.02,51.93,64.10,0.83,21,-1
189,30,476.04,128.48,44.96,41.33,0.86,3,-1
189,23,426.66,320.04,61.20,48.20,0.88,6,-1
189,24,386.40,296.61,45.05,47.13,0.85,15,-1
189,25,235.86,402.02,51.91,64.08,0.83,21,-1
190,30,478.10,126.13,45.48,42.49,0.86,3,-1
190,23,426.66,320.06,61.22,48.20,0.88,6,-1
190,24,386.43,296.62,45.06,47.17,0.85,15,-1
190,25,235.86,402.03,51.88,64.06,0.83,21,-1
191,30,480.34,125.63,45.09,42.62,0.86,3,-1
191,23,426.63,320.06,61.26,48.21,0.88,6,-1
191,24,386.43,296.58,45.13,47.27,0.85,15,-1
191,25,235.85,402.02,51.89,64.08,0.83,21,-1
192,30,482.47,125.57,44.30,42.26,0.86,3,-1
192,23,426.61,320.06,61.33,48.25,0.88,6,-1
192,24,386.45,296.55,45.11,47.27,0.85,15,-1
192,25,235.88,402.01,51.85,64.05,0.83,21,-1
193,30,484.42,124.52,44.09,42.60,0.87,3,-1
193,23,426.59,320.04,61.39,48.28,0.88,6,-1
193,24,386.42,296.49,45.18,47.36,0.85,15,-1
193,25,235.89,401.94,51.92,64.14,0.83,21,-1
194,30,486.03,124.75,42.69,41.66,0.87,3,-1
194,23,426.54,320.03,61.47,48.34,0.88,6,-1
194,24,386.40,296.48,45.21,47.39,0.85,15,-1
194,25,235.88,401.91,51.96,64.19,0.83,21,-1
195,30,487.80,126.30,40.29,39.56,0.86,3,-1
195,23,426.51,320.03,61.52,48.37,0.88,6,-1
195,24,386.41,296.48,45.21,47.40,0.85,15,-1
195,25,235.85,401.88,52.03,64.28,0.83,21,-1
196,30,489.62,128.26,38.07,37.53,0.86,3,-1
196,23,426.50,320.03,61.52,48.36,0.88,6,-1
196,24,386.42,296.50,45.18,47.38,0.85,15,-1
196,25,235.83,401.88,52.05,64.31,0.83,21,-1
197,30,491.37,131.27,35.16,34.57,0.85,3,-1
197,23,426.48,320.02,61.53,48.36,0.88,6,-1
197,24,386.41,296.48,45.22,47.41,0.85,15,-1
197,25,235.82,401.85,52.10,64.37,0.83,21,-1
198,30,493.08,135.47,31.91,31.07,0.86,3,-1
198,23,426.51,320.04,61.49,48.33,0.88,6,-1
198,24,386.39,296.45,45.24,47.43,0.85,15,-1
198,25,235.80,401.82,52.16,64.45,0.83,21,-1
199,30,493.80,139.33,28.97,27.65,0.86,3,-1
199,23,426.48,320.04,61.48,48.32,0.88,6,-1
199,24,386.39,296.40,45.25,47.45,0.85,15,-1
199,25,235.78,401.80,52.22,64.51,0.83,21,-1
200,30,494.34,142.02,26.88,25.09,0.85,3,-1
200,23,426.70,320.36,60.95,47.72,0.88,6,-1
200,24,386.28,296.59,45.26,47.40,0.85,15,-1
200,25,235.61,403.17,51.10,63.07,0.84,21,-1
201,30,492.84,145.13,25.32,23.10,0.80,3,-1
201,23,426.75,320.47,60.83,47.47,0.88,6,-1
201,24,386.23,296.66,45.27,47.36,0.85,15,-1
201,25,235.63,403.56,50.82,62.66,0.84,21,-1
202,30,490.84,147.70,23.03,20.86,0.39,3,-1
202,23,426.77,320.53,60.85,47.35,0.88,6,-1
202,24,386.23,296.68,45.28,47.32,0.85,15,-1
202,25,235.36,403.09,51.48,63.46,0.84,21,-1
203,23,426.66,320.52,61.10,47.44,0.88,6,-1
203,24,386.20,296.63,45.36,47.37,0.85,15,-1
203,25,235.27,402.86,51.78,63.82,0.84,21,-1
204,23,426.58,320.55,61.29,47.50,0.88,6,-1
204,24,386.18,296.61,45.40,47.37,0.85,15,-1
204,25,235.49,403.35,51.24,63.10,0.84,21,-1
205,23,426.51,320.56,61.34,47.44,0.88,6,-1
205,24,386.17,296.59,45.41,47.36,0.85,15,-1
205,25,235.60,403.57,51.03,62.78,0.84,21,-1
206,23,426.43,320.57,61.49,47.48,0.88,6,-1
206,24,386.11,296.56,45.45,47.38,0.85,15,-1
206,25,235.57,403.63,51.00,62.68,0.84,21,-1
207,23,426.33,320.59,61.64,47.51,0.88,6,-1
207,24,386.07,296.54,45.51,47.42,0.85,15,-1
207,25,235.56,403.64,51.02,62.64,0.84,21,-1
208,23,426.23,320.59,61.78,47.54,0.88,6,-1
208,24,386.05,296.54,45.53,47.42,0.85,15,-1
208,25,235.51,403.60,51.07,62.66,0.84,21,-1
209,23,426.13,320.60,61.92,47.58,0.88,6,-1
209,24,386.06,296.58,45.45,47.33,0.85,15,-1
209,25,235.53,403.59,51.05,62.60,0.84,21,-1
210,23,426.05,320.57,62.09,47.64,0.88,6,-1
210,24,386.07,296.61,45.41,47.28,0.85,15,-1
210,25,235.56,403.62,51.01,62.51,0.84,21,-1
211,23,426.00,320.53,62.20,47.68,0.88,6,-1
211,24,386.06,296.59,45.40,47.25,0.84,15,-1
211,25,235.28,402.92,51.86,63.57,0.84,21,-1
212,23,425.98,320.52,62.25,47.67,0.88,6,-1
212,24,386.12,296.58,45.34,47.16,0.84,15,-1
212,25,235.19,402.68,52.15,63.94,0.84,21,-1
213,23,425.95,320.51,62.30,47.68,0.88,6,-1
213,24,386.12,296.55,45.35,47.15,0.84,15,-1
213,25,235.15,402.59,52.25,64.07,0.84,21,-1
214,23,425.90,320.46,62.46,47.79,0.88,6,-1
214,24,386.08,296.53,45.39,47.16,0.84,15,-1
214,25,235.12,402.55,52.31,64.15,0.84,21,-1
215,23,425.86,320.43,62.57,47.85,0.88,6,-1
215,24,386.05,296.50,45.44,47.19,0.84,15,-1
215,25,235.12,402.53,52.33,64.20,0.84,21,-1
216,23,425.82,320.42,62.65,47.91,0.88,6,-1
216,24,386.03,296.49,45.48,47.23,0.84,15,-1
216,25,235.18,402.51,52.33,64.21,0.84,21,-1
217,23,425.83,320.44,62.59,47.84,0.88,6,-1
217,24,386.05,296.52,45.48,47.20,0.84,15,-1
217,25,235.26,402.54,52.23,64.10,0.84,21,-1
218,23,425.85,320.45,62.57,47.81,0.88,6,-1
218,24,386.09,296.56,45.44,47.14,0.84,15,-1
218,25,235.30,402.53,52.19,64.07,0.84,21,-1
219,23,425.84,320.43,62.62,47.83,0.88,6,-1
219,24,386.08,296.59,45.45,47.14,0.84,15,-1
219,25,235.43,402.52,52.12,64.00,0.84,21,-1
220,23,425.84,320.42,62.63,47.83,0.88,6,-1
220,24,386.09,296.58,45.43,47.09,0.84,15,-1
220,25,235.48,402.51,52.09,63.98,0.84,21,-1
221,23,425.81,320.40,62.67,47.85,0.88,6,-1
221,24,386.05,296.57,45.50,47.15,0.84,15,-1
221,25,235.55,402.46,52.10,64.01,0.84,21,-1
222,23,425.74,320.38,62.72,47.86,0.88,6,-1
222,24,386.06,296.57,45.49,47.12,0.84,15,-1
222,25,235.58,402.44,52.08,64.01,0.84,21,-1
223,23,425.70,320.35,62.78,47.90,0.88,6,-1
223,24,386.03,296.55,45.51,47.13,0.84,15,-1
223,25,235.62,402.44,52.03,63.96,0.84,21,-1
224,23,425.70,320.32,62.80,47.91,0.88,6,-1
224,24,386.02,296.53,45.52,47.13,0.84,15,-1
224,25,235.62,402.41,52.03,63.96,0.84,21,-1
225,23,425.70,320.30,62.79,47.89,0.88,6,-1
225,24,386.01,296.60,45.52,47.12,0.84,15,-1
225,25,235.63,402.41,52.01,63.94,0.84,21,-1
226,23,425.70,320.31,62.72,47.82,0.88,6,-1
226,24,385.93,296.61,45.58,47.19,0.84,15,-1
226,25,235.66,402.43,51.97,63.88,0.84,21,-1
227,23,425.71,320.31,62.69,47.79,0.88,6,-1
227,24,385.88,296.61,45.62,47.23,0.84,15,-1
227,25,235.67,402.43,51.97,63.86,0.84,21,-1
228,23,425.70,320.31,62.72,47.81,0.88,6,-1
228,24,385.85,296.62,45.65,47.26,0.84,15,-1
228,25,235.67,402.43,51.97,63.86,0.84,21,-1
229,23,425.69,320.32,62.72,47.80,0.88,6,-1
229,24,385.88,296.62,45.67,47.27,0.84,15,-1
229,25,235.65,402.44,51.98,63.86,0.84,21,-1
230,23,425.74,320.33,62.64,47.72,0.88,6,-1
230,24,385.88,296.62,45.66,47.26,0.84,15,-1
230,25,235.64,402.45,51.97,63.85,0.84,21,-1
231,23,425.67,320.32,62.76,47.80,0.88,6,-1
231,24,385.91,296.63,45.64,47.23,0.84,15,-1
231,25,235.64,402.45,51.98,63.84,0.84,21,-1
232,23,425.63,320.34,62.81,47.82,0.88,6,-1
232,24,385.92,296.66,45.61,47.21,0.84,15,-1
232,25,235.63,402.44,52.00,63.86,0.84,21,-1
233,23,425.63,320.35,62.81,47.82,0.88,6,-1
233,24,385.95,296.67,45.57,47.17,0.84,15,-1
233,25,235.62,402.43,52.01,63.87,0.84,21,-1
234,23,425.62,320.37,62.83,47.82,0.88,6,-1
234,24,385.95,296.65,45.58,47.17,0.84,15,-1
234,25,235.62,402.45,52.00,63.85,0.84,21,-1
235,23,425.65,320.38,62.80,47.79,0.88,6,-1
235,24,385.96,296.65,45.57,47.16,0.84,15,-1
235,25,235.62,402.45,52.00,63.84,0.84,21,-1
236,23,425.66,320.38,62.80,47.78,0.88,6,-1
236,24,385.97,296.64,45.56,47.16,0.84,15,-1
236,25,235.61,402.45,52.01,63.83,0.84,21,-1
237,23,425.67,320.36,62.81,47.77,0.88,6,-1
237,24,385.96,296.64,45.56,47.16,0.84,15,-1
237,25,235.61,402.47,52.00,63.81,0.84,21,-1
238,23,425.70,320.41,62.72,47.69,0.88,6,-1
238,24,385.98,296.67,45.51,47.11,0.84,15,-1
238,25,235.64,402.51,51.94,63.74,0.84,21,-1
239,23,425.73,320.42,62.70,47.66,0.88,6,-1
239,24,386.00,296.69,45.48,47.08,0.84,15,-1
239,25,235.66,402.54,51.90,63.69,0.84,21,-1
240,23,425.72,320.41,62.74,47.68,0.88,6,-1
240,24,386.01,296.69,45.45,47.06,0.84,15,-1
240,25,235.65,402.54,51.91,63.69,0.84,21,-1
241,23,425.71,320.41,62.76,47.69,0.88,6,-1
241,24,386.01,296.69,45.45,47.06,0.84,15,-1
241,25,235.64,402.55,51.92,63.70,0.84,21,-1
242,23,425.71,320.43,62.71,47.64,0.88,6,-1
242,24,386.02,296.71,45.43,47.04,0.84,15,-1
242,25,235.64,402.54,51.93,63.70,0.84,21,-1
243,30,476.41,155.47,24.26,21.01,0.33,3,-1
243,23,425.73,320.46,62.65,47.57,0.88,6,-1
243,24,386.02,296.71,45.41,47.01,0.84,15,-1
243,25,235.66,402.57,51.89,63.65,0.84,21,-1
244,30,474.59,156.00,25.35,21.28,0.45,3,-1
244,23,425.71,320.47,62.67,47.57,0.88,6,-1
244,24,386.00,296.71,45.42,47.02,0.84,15,-1
244,25,235.67,402.57,51.88,63.63,0.84,21,-1
245,30,473.76,156.18,26.15,21.32,0.48,3,-1
245,23,425.74,320.50,62.61,47.50,0.88,6,-1
245,24,386.00,296.72,45.41,47.00,0.84,15,-1
245,25,235.66,402.57,51.88,63.63,0.84,21,-1
246,30,473.41,156.80,26.27,20.70,0.50,3,-1
246,23,425.74,320.52,62.62,47.49,0.88,6,-1
246,24,386.00,296.73,45.40,46.99,0.84,15,-1
246,25,235.66,402.57,51.89,63.64,0.84,21,-1
247,30,472.87,157.27,26.36,20.31,0.67,3,-1
247,23,425.74,320.53,62.59,47.46,0.88,6,-1
247,24,386.00,296.73,45.40,46.99,0.84,15,-1
247,25,235.65,402.55,51.92,63.66,0.84,21,-1
248,30,471.76,157.70,26.39,20.03,0.68,3,-1
248,23,425.75,320.52,62.61,47.46,0.88,6,-1
248,24,386.00,296.73,45.40,46.99,0.84,15,-1
248,25,235.63,402.53,51.96,63.70,0.84,21,-1
249,30,471.13,157.99,26.04,19.54,0.57,3,-1
249,23,425.75,320.52,62.61,47.44,0.88,6,-1
249,24,386.01,296.73,45.39,46.97,0.84,15,-1
249,25,235.63,402.55,51.94,63.67,0.84,21,-1
250,30,471.20,158.31,25.91,19.20,0.78,3,-1
250,23,424.83,320.18,63.71,48.37,0.88,6,-1
250,24,385.65,296.41,45.43,47.09,0.84,15,-1
250,25,235.82,403.23,51.04,62.54,0.84,21,-1
251,30,470.67,158.10,26.83,19.74,0.76,3,-1
251,23,424.49,320.03,64.15,48.81,0.88,6,-1
251,24,385.53,296.28,45.43,47.15,0.84,15,-1
251,25,235.84,403.46,50.80,62.21,0.84,21,-1
252,30,470.25,158.12,27.38,20.01,0.75,3,-1
252,23,424.41,319.97,64.25,48.97,0.88,6,-1
252,24,385.50,296.23,45.39,47.17,0.84,15,-1
252,25,235.84,403.53,50.73,62.10,0.84,21,-1
253,30,469.98,158.84,27.04,19.59,0.75,3,-1
253,23,424.42,319.94,64.23,49.05,0.88,6,-1
253,24,385.50,296.20,45.37,47.19,0.84,15,-1
253,25,235.83,403.55,50.73,62.07,0.84,21,-1
254,30,469.71,159.39,27.36,19.65,0.75,3,-1
254,23,424.47,319.94,64.13,49.05,0.88,6,-1
254,24,385.52,296.20,45.32,47.19,0.84,15,-1
254,25,235.84,403.60,50.73,62.04,0.84,21,-1
255,30,469.39,159.65,28.04,20.01,0.73,3,-1
255,23,424.49,319.93,64.07,49.08,0.88,6,-1
255,24,385.54,296.20,45.28,47.20,0.84,15,-1
255,25,235.83,403.61,50.74,62.04,0.84,21,-1
256,30,469.18,159.79,28.51,20.29,0.71,3,-1
256,23,424.55,319.95,63.97,49.06,0.88,6,-1
256,24,385.56,296.21,45.24,47.20,0.84,15,-1
256,25,235.82,403.62,50.76,62.04,0.84,21,-1
257,30,468.98,159.95,28.64,20.30,0.66,3,-1
257,23,424.58,319.95,63.90,49.07,0.88,6,-1
257,24,385.57,296.21,45.22,47.21,0.84,15,-1
257,25,235.81,403.61,50.78,62.05,0.84,21,-1
258,30,468.91,159.96,28.67,20.26,0.65,3,-1
258,23,424.64,319.94,63.79,49.03,0.88,6,-1
258,24,385.59,296.20,45.18,47.20,0.84,15,-1
258,25,235.80,403.61,50.81,62.06,0.84,21,-1
259,30,469.23,159.73,28.73,20.25,0.76,3,-1
259,23,424.67,319.95,63.71,49.01,0.88,6,-1
259,24,385.60,296.21,45.15,47.20,0.84,15,-1
259,25,235.80,403.60,50.82,62.07,0.84,21,-1
260,30,470.50,159.76,27.79,19.35,0.78,3,-1
260,23,424.69,319.94,63.66,49.02,0.88,6,-1
260,24,385.61,296.21,45.14,47.21,0.84,15,-1
260,25,235.78,403.59,50.88,62.13,0.84,21,-1
261,30,470.25,158.31,29.75,20.73,0.80,3,-1
261,23,424.70,319.94,63.63,49.03,0.88,6,-1
261,24,385.63,296.22,45.11,47.20,0.84,15,-1
261,25,235.78,403.59,50.90,62.15,0.84,21,-1
262,30,470.24,156.87,31.23,21.75,0.84,3,-1
262,23,424.69,319.93,63.63,49.05,0.88,6,-1
262,24,385.65,296.21,45.09,47.20,0.84,15,-1
262,25,235.78,403.59,50.91,62.16,0.84,21,-1
263,30,471.04,154.82,32.66,22.87,0.82,3,-1
263,23,424.68,319.93,63.60,49.06,0.88,6,-1
263,24,385.70,296.21,45.18,47.18,0.84,15,-1
263,25,235.77,403.58,50.92,62.17,0.84,21,-1
264,30,471.68,153.48,33.67,23.88,0.82,3,-1
264,23,424.67,319.92,63.60,49.09,0.88,6,-1
264,24,385.69,296.20,45.28,47.19,0.84,15,-1
264,25,235.77,403.58,50.92,62.17,0.84,21,-1
265,30,472.30,152.20,35.07,25.09,0.82,3,-1
265,23,424.70,319.92,63.58,49.09,0.88,6,-1
265,24,385.67,296.21,45.37,47.19,0.84,15,-1
265,25,235.77,403.58,50.91,62.15,0.84,21,-1
266,30,472.96,151.08,35.82,25.83,0.82,3,-1
266,23,424.72,319.91,63.58,49.11,0.88,6,-1
266,24,385.59,296.23,45.33,47.20,0.84,15,-1
266,25,235.76,403.58,50.92,62.16,0.84,21,-1
267,30,473.30,150.11,36.54,26.60,0.84,3,-1
267,23,424.71,319.88,63.60,49.16,0.88,6,-1
267,24,385.63,296.22,45.41,47.19,0.84,15,-1
267,25,235.76,403.58,50.93,62.16,0.84,21,-1
268,30,474.17,148.78,37.14,27.26,0.85,3,-1
268,23,424.66,319.86,63.64,49.21,0.88,6,-1
268,24,385.60,296.19,45.53,47.23,0.84,15,-1
268,25,235.73,403.56,50.96,62.20,0.84,21,-1
269,30,474.63,147.62,38.23,28.35,0.85,3,-1
269,23,424.64,319.85,63.64,49.23,0.88,6,-1
269,24,385.57,296.21,45.59,47.22,0.84,15,-1
269,25,235.74,403.56,50.96,62.19,0.84,21,-1
270,30,475.09,146.75,38.62,28.98,0.85,3,-1
270,23,424.65,319.85,63.63,49.24,0.88,6,-1
270,24,385.54,296.21,45.66,47.22,0.84,15,-1
270,25,235.73,403.55,50.97,62.20,0.84,21,-1
271,30,475.79,145.91,38.78,29.39,0.85,3,-1
271,23,424.67,319.86,63.58,49.22,0.88,6,-1
271,24,385.52,296.24,45.70,47.20,0.84,15,-1
271,25,235.73,403.55,50.98,62.20,0.84,21,-1
272,30,476.93,145.07,37.99,29.03,0.85,3,-1
272,23,424.73,319.89,63.51,49.17,0.88,6,-1
272,24,385.51,296.27,45.74,47.19,0.84,15,-1
272,25,235.73,403.55,50.98,62.20,0.84,21,-1
273,30,479.12,143.08,39.15,30.15,0.84,3,-1
273,23,424.79,319.91,63.40,49.10,0.88,6,-1
273,24,385.52,296.30,45.72,47.13,0.84,15,-1
273,25,235.75,403.61,50.94,62.15,0.84,21,-1
274,30,481.35,142.06,38.88,30.08,0.85,3,-1
274,23,424.82,319.93,63.34,49.07,0.88,6,-1
274,24,385.52,296.33,45.71,47.07,0.84,15,-1
274,25,235.76,403.64,50.92,62.11,0.84,21,-1
275,30,483.30,141.23,38.92,30.29,0.86,3,-1
275,23,424.86,319.95,63.25,49.00,0.88,6,-1
275,24,385.52,296.36,45.71,47.02,0.84,15,-1
275,25,235.76,403.66,50.91,62.09,0.84,21,-1
276,30,483.55,139.10,41.46,32.84,0.85,3,-1
276,23,424.89,319.96,63.22,48.99,0.88,6,-1
276,24,385.50,296.35,45.75,47.03,0.84,15,-1
276,25,235.76,403.66,50.92,62.09,0.84,21,-1
277,30,485.26,137.42,42.33,34.03,0.85,3,-1
277,23,424.94,319.96,63.16,48.94,0.88,6,-1
277,24,385.40,296.39,45.65,47.02,0.84,15,-1
277,25,235.77,403.67,50.92,62.08,0.84,21,-1
278,30,487.33,136.14,42.15,34.46,0.86,3,-1
278,23,424.94,319.96,63.12,48.91,0.88,6,-1
278,24,385.37,296.42,45.60,47.06,0.84,15,-1
278,25,235.78,403.72,50.87,61.99,0.84,21,-1
279,30,488.74,135.35,41.24,34.22,0.86,3,-1
279,23,424.96,319.93,63.14,48.93,0.88,6,-1
279,24,385.39,296.41,45.56,47.09,0.84,15,-1
279,25,235.76,403.72,50.87,61.99,0.84,21,-1
280,30,490.24,134.76,40.70,34.20,0.87,3,-1
280,23,424.98,319.93,63.14,48.94,0.88,6,-1
280,24,385.41,296.40,45.51,47.11,0.84,15,-1
280,25,235.73,403.70,50.91,62.03,0.84,21,-1
281,30,491.78,134.25,40.07,34.10,0.87,3,-1
281,23,424.97,319.94,63.13,48.93,0.88,6,-1
281,24,385.44,296.40,45.45,47.10,0.84,15,-1
281,25,235.71,403.71,50.92,62.02,0.84,21,-1
282,30,492.63,133.52,40.44,34.87,0.86,3,-1
282,23,424.99,319.94,63.09,48.90,0.88,6,-1
282,24,385.48,296.39,45.39,47.09,0.84,15,-1
282,25,235.69,403.68,50.97,62.08,0.84,21,-1
283,30,494.00,133.07,40.20,35.08,0.86,3,-1
283,23,424.99,319.93,63.08,48.90,0.88,6,-1
283,24,385.50,296.38,45.35,47.09,0.84,15,-1
283,25,235.68,403.66,50.99,62.10,0.84,21,-1
284,30,495.01,132.84,39.87,35.15,0.86,3,-1
284,23,424.98,319.92,63.10,48.91,0.88,6,-1
284,24,385.50,296.37,45.34,47.14,0.84,15,-1
284,25,235.67,403.65,51.02,62.13,0.84,21,-1
285,30,495.82,132.86,39.28,34.97,0.84,3,-1
285,23,424.96,319.90,63.13,48.93,0.88,6,-1
285,24,385.55,296.33,45.46,47.17,0.84,15,-1
285,25,235.64,403.64,51.06,62.16,0.84,21,-1
286,30,496.92,132.66,38.85,34.85,0.84,3,-1
286,23,424.97,319.88,63.14,48.93,0.88,6,-1
286,24,385.50,296.31,45.46,47.22,0.84,15,-1
286,25,235.63,403.64,51.08,62.17,0.84,21,-1
287,30,497.73,132.87,38.16,34.44,0.84,3,-1
287,23,424.95,319.87,63.18,48.96,0.88,6,-1
287,24,385.51,296.28,45.45,47.26,0.84,15,-1
287,25,235.62,403.64,51.09,62.17,0.84,21,-1
288,30,499.19,133.77,36.66,33.12,0.82,3,-1
288,23,424.92,319.87,63.22,48.99,0.88,6,-1
288,24,385.53,296.27,45.41,47.26,0.84,15,-1
288,25,235.64,403.64,51.06,62.14,0.84,21,-1
289,30,500.29,133.82,36.19,32.64,0.84,3,-1
289,23,424.92,319.87,63.22,48.99,0.88,6,-1
289,24,385.54,296.24,45.36,47.25,0.84,15,-1
289,25,235.66,403.68,51.01,62.10,0.84,21,-1
290,30,500.87,133.91,36.00,32.51,0.84,3,-1
290,23,424.87,319.86,63.29,49.05,0.88,6,-1
290,24,385.56,296.22,45.29,47.23,0.84,15,-1
290,25,235.69,403.73,50.96,62.05,0.84,21,-1
291,30,501.27,133.23,36.18,32.80,0.84,3,-1
291,23,424.84,319.85,63.30,49.06,0.88,6,-1
291,24,385.58,296.21,45.26,47.24,0.84,15,-1
291,25,235.69,403.76,50.91,62.00,0.84,21,-1
292,30,502.40,132.95,35.06,31.87,0.85,3,-1
292,23,424.89,319.85,63.25,49.03,0.88,6,-1
292,24,385.60,296.21,45.22,47.23,0.84,15,-1
292,25,235.69,403.74,50.91,62.00,0.84,21,-1
293,30,503.39,131.56,35.46,32.59,0.81,3,-1
293,23,424.89,319.84,63.23,49.02,0.88,6,-1
293,24,385.59,296.18,45.20,47.23,0.84,15,-1
293,25,235.70,403.73,50.90,62.00,0.84,21,-1
294,30,504.67,130.08,35.92,33.36,0.82,3,-1
294,23,424.89,319.84,63.22,49.01,0.88,6,-1
294,24,385.57,296.15,45.21,47.26,0.84,15,-1
294,25,235.46,403.12,51.68,63.01,0.84,21,-1
295,30,505.54,129.12,36.00,33.78,0.81,3,-1
295,23,424.89,319.83,63.25,49.03,0.88,6,-1
295,24,385.55,296.14,45.22,47.29,0.84,15,-1
295,25,235.71,403.55,51.13,62.32,0.84,21,-1
296,30,506.36,128.57,35.94,34.08,0.64,3,-1
296,23,424.91,319.83,63.19,48.98,0.88,6,-1
296,24,385.57,296.15,45.20,47.28,0.84,15,-1
296,25,235.83,403.72,50.94,62.06,0.84,21,-1
297,30,506.35,127.77,36.15,34.72,0.14,3,-1
297,23,424.94,319.83,63.14,48.93,0.88,6,-1
297,24,385.57,296.15,45.19,47.29,0.84,15,-1
297,25,235.85,403.78,50.92,62.00,0.84,21,-1
298,30,506.42,124.78,37.63,36.48,0.34,3,-1
298,23,424.85,319.79,63.17,48.96,0.88,6,-1
298,24,385.55,296.13,45.20,47.32,0.84,15,-1
298,25,235.76,403.85,51.36,62.59,0.84,21,-1
299,23,424.81,319.77,63.17,48.96,0.88,6,-1
299,24,385.51,296.11,45.27,47.41,0.84,15,-1
299,25,235.71,403.87,51.52,62.82,0.84,21,-1
300,30,508.17,124.26,35.56,34.91,0.31,3,-1
300,23,425.18,320.17,62.94,48.71,0.87,6,-1
300,24,385.64,296.19,45.16,47.40,0.84,15,-1
300,25,234.83,403.24,51.74,62.93,0.83,21,-1
301,30,509.63,124.85,33.05,32.81,0.51,3,-1
301,23,425.33,320.34,62.86,48.57,0.87,6,-1
301,24,385.73,296.25,45.04,47.37,0.84,15,-1
301,25,234.48,403.02,51.86,62.94,0.83,21,-1
302,30,510.69,125.29,31.36,31.29,0.21,3,-1
302,23,425.35,320.39,62.93,48.57,0.87,6,-1
302,24,385.78,296.27,44.95,47.37,0.84,15,-1
302,25,234.33,402.95,51.96,62.92,0.83,21,-1
303,30,512.96,125.44,30.18,30.48,0.67,3,-1
303,23,425.34,320.40,62.99,48.56,0.87,6,-1
303,24,385.82,296.27,44.88,47.38,0.84,15,-1
303,25,234.27,402.92,52.07,62.93,0.83,21,-1
304,30,515.37,124.67,29.18,29.78,0.73,3,-1
304,23,425.30,320.39,63.08,48.58,0.87,6,-1
304,24,385.86,296.26,44.82,47.39,0.84,15,-1
304,25,234.30,402.91,52.15,62.90,0.83,21,-1
305,30,517.16,123.66,28.51,29.38,0.36,3,-1
305,23,425.25,320.37,63.24,48.67,0.87,6,-1
305,24,385.88,296.24,44.77,47.40,0.84,15,-1
305,25,234.30,403.09,52.10,62.72,0.83,21,-1
306,30,517.84,123.87,27.38,28.49,0.38,3,-1
306,23,425.21,320.37,63.33,48.70,0.87,6,-1
306,24,385.90,296.23,44.73,47.42,0.84,15,-1
306,25,234.23,403.09,52.21,62.75,0.83,21,-1
307,30,518.46,122.88,27.57,29.02,0.12,3,-1
307,23,425.16,320.35,63.40,48.71,0.87,6,-1
307,24,385.91,296.21,44.70,47.45,0.84,15,-1
307,25,234.18,403.06,52.33,62.80,0.83,21,-1
308,30,519.07,120.64,27.87,29.72,0.16,3,-1
308,23,425.09,320.33,63.52,48.76,0.87,6,-1
308,24,385.92,296.20,44.68,47.48,0.84,15,-1
308,25,234.20,403.11,52.34,62.72,0.83,21,-1
309,23,425.04,320.30,63.59,48.79,0.87,6,-1
309,24,385.93,296.21,44.62,47.46,0.84,15,-1
309,25,234.18,403.09,52.44,62.77,0.83,21,-1
310,23,425.00,320.29,63.70,48.84,0.87,6,-1
310,24,385.95,296.20,44.58,47.45,0.84,15,-1
310,25,234.18,403.10,52.50,62.77,0.83,21,-1
311,30,521.76,117.96,27.77,29.96,0.29,3,-1
311,23,424.99,320.29,63.72,48.83,0.87,6,-1
311,24,385.98,296.21,44.53,47.44,0.84,15,-1
311,25,234.16,403.13,52.52,62.73,0.83,21,-1
312,30,521.22,114.44,29.94,32.66,0.27,3,-1
312,23,424.97,320.29,63.76,48.84,0.87,6,-1
312,24,385.99,296.20,44.50,47.44,0.84,15,-1
312,25,234.15,403.19,52.51,62.66,0.83,21,-1
313,30,521.96,113.89,29.67,32.71,0.56,3,-1
313,23,424.92,320.28,63.85,48.88,0.87,6,-1
313,24,385.99,296.20,44.49,47.46,0.84,15,-1
313,25,234.13,403.26,52.50,62.59,0.83,21,-1
314,30,520.85,109.98,32.69,36.59,0.75,3,-1
314,23,424.87,320.29,63.90,48.91,0.87,6,-1
314,24,386.02,296.21,44.46,47.45,0.84,15,-1
314,25,234.12,403.28,52.51,62.55,0.83,21,-1
315,30,520.18,104.74,36.35,41.33,0.72,3,-1
315,23,424.87,320.31,63.91,48.90,0.87,6,-1
315,24,386.07,296.21,44.44,47.45,0.84,15,-1
315,25,234.13,403.35,52.49,62.49,0.83,21,-1
316,30,519.58,101.64,38.50,44.37,0.81,3,-1
316,23,424.85,320.31,63.94,48.91,0.87,6,-1
316,24,386.09,296.21,44.43,47.45,0.84,15,-1
316,25,234.10,403.35,52.54,62.49,0.83,21,-1
317,30,519.35,99.60,40.11,46.80,0.81,3,-1
317,23,424.81,320.30,64.02,48.96,0.87,6,-1
317,24,386.09,296.19,44.43,47.47,0.84,15,-1
317,25,234.09,403.37,52.57,62.49,0.83,21,-1
318,30,519.20,97.37,41.75,49.52,0.83,3,-1
318,23,424.80,320.30,64.06,48.97,0.87,6,-1
318,24,386.10,296.20,44.41,47.46,0.84,15,-1
318,25,234.08,403.48,52.53,62.40,0.83,21,-1
319,30,518.52,95.94,42.75,51.59,0.82,3,-1
319,23,424.80,320.31,64.05,48.96,0.87,6,-1
319,24,386.11,296.21,44.39,47.46,0.84,15,-1
319,25,234.10,403.55,52.53,62.37,0.83,21,-1
320,30,518.36,95.46,43.43,53.22,0.81,3,-1
320,23,424.73,320.29,64.18,49.06,0.87,6,-1
320,24,386.10,296.19,44.41,47.49,0.84,15,-1
320,25,234.09,403.52,52.60,62.42,0.83,21,-1
321,30,518.62,98.79,41.62,51.51,0.84,3,-1
321,23,424.71,320.28,64.23,49.10,0.87,6,-1
321,24,386.09,296.19,44.40,47.49,0.84,15,-1
321,25,234.11,403.46,52.65,62.48,0.83,21,-1
322,30,518.91,101.25,40.00,49.93,0.83,3,-1
322,23,424.69,320.28,64.24,49.10,0.87,6,-1
322,24,386.08,296.18,44.42,47.52,0.84,15,-1
322,25,234.13,403.46,52.65,62.46,0.83,21,-1
323,30,517.36,101.71,39.61,49.72,0.84,3,-1
323,23,424.66,320.26,64.28,49.13,0.87,6,-1
323,24,386.08,296.16,44.43,47.53,0.84,15,-1
323,25,234.19,403.45,52.62,62.41,0.83,21,-1
324,30,516.00,101.44,40.19,50.65,0.85,3,-1
324,23,424.73,320.38,63.80,48.71,0.87,6,-1
324,24,386.08,296.17,44.41,47.52,0.84,15,-1
324,25,234.19,403.45,52.64,62.42,0.83,21,-1
325,30,514.62,101.46,40.59,51.43,0.84,3,-1
325,23,424.71,320.32,64.06,48.91,0.87,6,-1
325,24,386.09,296.17,44.39,47.50,0.84,15,-1
325,25,234.17,403.39,52.72,62.50,0.83,21,-1
326,30,513.05,101.40,41.05,52.32,0.83,3,-1
326,23,424.69,320.29,64.18,49.01,0.87,6,-1
326,24,386.09,296.16,44.41,47.52,0.84,15,-1
326,25,234.14,403.26,52.84,62.66,0.83,21,-1
327,30,511.44,100.56,42.11,54.02,0.85,3,-1
327,23,424.79,320.41,63.63,48.54,0.87,6,-1
327,24,386.09,296.16,44.40,47.51,0.84,15,-1
327,25,234.13,403.22,52.88,62.70,0.83,21,-1
328,30,509.25,98.76,44.50,57.66,0.87,3,-1
328,23,424.82,320.47,63.43,48.34,0.87,6,-1
328,24,386.09,296.17,44.40,47.51,0.84,15,-1
328,25,234.09,403.12,52.97,62.83,0.83,21,-1
329,30,508.31,98.97,44.52,58.03,0.87,3,-1
329,23,424.70,320.36,63.95,48.75,0.87,6,-1
329,24,386.08,296.16,44.43,47.54,0.84,15,-1
329,25,234.04,403.05,53.03,62.91,0.83,21,-1
330,30,507.21,99.59,44.17,57.79,0.86,3,-1
330,23,424.69,320.34,64.04,48.82,0.87,6,-1
330,24,386.08,296.18,44.41,47.52,0.84,15,-1
330,25,233.98,402.98,53.08,62.99,0.83,21,-1
331,30,506.74,100.51,43.56,57.13,0.85,3,-1
331,23,424.73,320.34,64.00,48.79,0.87,6,-1
331,24,386.12,296.20,44.35,47.46,0.84,15,-1
331,25,234.03,402.98,53.00,62.93,0.83,21,-1
332,30,506.24,100.89,43.26,56.77,0.86,3,-1
332,23,424.72,320.34,63.99,48.78,0.87,6,-1
332,24,386.15,296.21,44.31,47.42,0.84,15,-1
332,25,234.05,403.03,52.90,62.86,0.83,21,-1
333,30,504.94,100.16,44.45,58.70,0.85,3,-1
333,23,424.75,320.36,63.90,48.70,0.87,6,-1
333,24,386.26,296.21,44.32,47.34,0.84,15,-1
333,25,234.14,403.07,52.77,62.75,0.83,21,-1
334,30,504.28,100.36,44.74,59.46,0.86,3,-1
334,23,424.79,320.37,63.81,48.63,0.87,6,-1
334,24,386.28,296.21,44.37,47.31,0.84,15,-1
334,25,234.14,403.07,52.71,62.73,0.83,21,-1
335,30,504.11,101.49,44.25,59.05,0.85,3,-1
335,23,424.78,320.36,63.81,48.63,0.87,6,-1
335,24,386.27,296.20,44.42,47.30,0.84,15,-1
335,25,234.20,403.15,52.61,62.64,0.83,21,-1
336,30,503.68,101.12,44.69,59.95,0.86,3,-1
336,23,424.82,320.38,63.75,48.58,0.87,6,-1
336,24,386.18,296.22,44.44,47.34,0.84,15,-1
336,25,234.19,403.17,52.60,62.65,0.83,21,-1
337,30,503.63,101.11,44.48,59.84,0.85,3,-1
337,23,424.86,320.40,63.69,48.53,0.87,6,-1
337,24,386.15,296.23,44.42,47.34,0.84,15,-1
337,25,234.29,403.02,52.60,62.69,0.84,21,-1
338,30,504.03,100.60,44.91,60.54,0.85,3,-1
338,23,424.88,320.40,63.64,48.48,0.87,6,-1
338,24,386.23,296.20,44.44,47.30,0.84,15,-1
338,25,234.29,402.91,52.67,62.81,0.84,21,-1
339,30,504.65,101.22,44.35,59.84,0.85,3,-1
339,23,424.91,320.40,63.56,48.42,0.87,6,-1
339,24,386.27,296.20,44.42,47.21,0.84,15,-1
339,25,234.34,402.95,52.57,62.72,0.84,21,-1
340,30,505.28,102.21,43.36,58.50,0.84,3,-1
340,23,424.91,320.40,63.56,48.42,0.87,6,-1
340,24,386.27,296.20,44.48,47.21,0.84,15,-1
340,25,234.37,402.84,52.59,62.78,0.84,21,-1
341,30,505.64,102.17,42.72,57.56,0.84,3,-1
341,23,424.91,320.40,63.57,48.42,0.87,6,-1
341,24,386.26,296.19,44.53,47.22,0.84,15,-1
341,25,234.46,402.86,52.48,62.69,0.84,21,-1
342,30,506.56,102.86,41.03,55.02,0.85,3,-1
342,23,424.89,320.39,63.61,48.45,0.87,6,-1
342,24,386.22,296.17,44.60,47.24,0.84,15,-1
342,25,234.43,402.76,52.55,62.80,0.84,21,-1
343,30,507.95,100.72,41.68,56.01,0.85,3,-1
343,23,424.88,320.37,63.70,48.52,0.87,6,-1
343,24,386.10,296.19,44.67,47.36,0.84,15,-1
343,25,234.31,402.68,52.63,62.90,0.84,21,-1
344,30,510.14,100.64,40.86,55.01,0.85,3,-1
344,23,424.90,320.36,63.76,48.57,0.87,6,-1
344,24,386.05,296.17,44.69,47.42,0.84,15,-1
344,25,234.20,402.64,52.73,62.99,0.84,21,-1
345,30,512.24,99.76,40.42,54.56,0.85,3,-1
345,23,424.89,320.37,63.84,48.64,0.87,6,-1
345,24,386.05,296.19,44.65,47.42,0.84,15,-1
345,25,233.93,402.79,52.81,63.00,0.84,21,-1
346,30,514.11,98.80,40.25,54.28,0.85,3,-1
346,23,424.91,320.38,63.83,48.64,0.87,6,-1
346,24,386.05,296.22,44.61,47.42,0.84,15,-1
346,25,233.89,402.86,52.80,62.90,0.84,21,-1
347,30,515.74,97.64,39.88,53.67,0.85,3,-1
347,23,425.01,320.51,63.34,48.24,0.87,6,-1
347,24,386.06,296.24,44.57,47.41,0.84,15,-1
347,25,233.84,402.90,52.76,62.75,0.84,21,-1
348,30,518.40,96.48,39.21,52.86,0.85,3,-1
348,23,425.04,320.57,63.14,48.06,0.87,6,-1
348,24,386.05,296.27,44.50,47.37,0.84,15,-1
348,25,233.84,402.93,52.83,62.73,0.84,21,-1
349,30,520.52,95.92,38.15,51.37,0.85,3,-1
349,23,425.02,320.60,63.11,48.02,0.87,6,-1
349,24,386.05,296.29,44.47,47.36,0.84,15,-1
349,25,233.81,402.63,53.04,62.91,0.84,21,-1
350,30,522.16,95.28,37.72,50.61,0.85,3,-1
350,23,425.79,320.39,63.06,48.03,0.88,6,-1
350,24,386.53,296.05,44.68,47.60,0.86,15,-1
350,25,235.37,401.56,52.99,62.65,0.84,21,-1
351,30,522.60,93.54,38.78,51.98,0.84,3,-1
351,23,426.08,320.31,63.04,48.06,0.88,6,-1
351,24,386.72,295.95,44.76,47.69,0.86,15,-1
351,25,235.83,401.19,53.15,62.67,0.84,21,-1
352,30,523.87,92.38,38.71,51.77,0.85,3,-1
352,23,426.20,320.28,63.02,48.08,0.88,6,-1
352,24,386.79,295.92,44.79,47.73,0.86,15,-1
352,25,236.22,401.25,53.00,62.32,0.84,21,-1
353,30,525.91,90.83,38.77,51.71,0.85,3,-1
353,23,426.24,320.26,63.02,48.13,0.88,6,-1
353,24,386.81,295.92,44.79,47.73,0.86,15,-1
353,25,236.18,401.15,53.16,62.32,0.84,21,-1
354,30,527.29,89.78,38.81,51.64,0.85,3,-1
354,23,426.27,320.27,62.97,48.13,0.88,6,-1
354,24,386.83,295.93,44.76,47.70,0.86,15,-1
354,25,236.13,401.00,53.33,62.36,0.84,21,-1
355,30,528.58,89.19,38.99,51.86,0.84,3,-1
355,23,426.28,320.27,62.93,48.14,0.88,6,-1
355,24,386.84,295.93,44.74,47.69,0.86,15,-1
355,25,236.16,400.94,53.33,62.21,0.84,21,-1
356,30,529.26,88.76,39.10,52.01,0.85,3,-1
356,23,426.28,320.27,62.86,48.12,0.88,6,-1
356,24,386.83,295.93,44.75,47.70,0.86,15,-1
356,25,236.11,400.95,53.40,62.14,0.84,21,-1
357,30,529.79,88.68,38.57,51.32,0.85,3,-1
357,23,426.27,320.27,62.85,48.13,0.88,6,-1
357,24,386.82,295.93,44.77,47.73,0.86,15,-1
357,25,236.04,400.91,53.45,62.09,0.85,21,-1
358,30,530.98,88.57,38.52,51.19,0.85,3,-1
358,23,426.26,320.28,62.80,48.12,0.88,6,-1
358,24,386.78,295.92,44.79,47.76,0.86,15,-1
358,25,236.15,401.13,53.19,61.73,0.84,21,-1
359,30,531.96,88.49,38.63,51.28,0.84,3,-1
359,23,426.25,320.27,62.78,48.13,0.88,6,-1
359,24,386.76,295.89,44.80,47.79,0.86,15,-1
359,25,236.77,401.41,52.65,61.07,0.84,21,-1
360,30,532.63,88.09,38.95,51.59,0.85,3,-1
360,23,426.24,320.27,62.76,48.14,0.88,6,-1
360,24,386.76,295.88,44.80,47.80,0.86,15,-1
360,25,236.39,401.61,52.77,61.14,0.84,21,-1
361,30,533.24,87.70,39.15,51.57,0.85,3,-1
361,23,426.25,320.28,62.67,48.09,0.88,6,-1
361,24,386.74,295.90,44.79,47.79,0.86,15,-1
361,25,236.15,401.67,52.84,61.16,0.84,21,-1
362,30,533.42,87.41,39.51,51.87,0.84,3,-1
362,23,426.34,320.30,62.43,47.93,0.88,6,-1
362,24,386.78,295.93,44.72,47.73,0.86,15,-1
362,25,235.78,401.60,53.09,61.39,0.84,21,-1
363,30,534.17,88.07,39.16,51.18,0.86,3,-1
363,23,426.39,320.32,62.30,47.84,0.88,6,-1
363,24,386.79,295.93,44.68,47.69,0.86,15,-1
363,25,236.09,401.84,52.88,61.14,0.85,21,-1
364,30,534.40,88.20,39.37,51.35,0.85,3,-1
364,23,425.98,320.16,62.83,48.32,0.88,6,-1
364,24,386.75,295.93,44.67,47.68,0.86,15,-1
364,25,236.30,402.00,52.64,60.84,0.84,21,-1
365,30,534.41,88.18,39.86,51.96,0.85,3,-1
365,23,425.83,320.09,63.01,48.53,0.88,6,-1
365,24,386.73,295.92,44.69,47.70,0.86,15,-1
365,25,236.42,402.18,52.50,60.66,0.84,21,-1
366,30,533.96,88.38,40.39,52.62,0.85,3,-1
366,23,425.81,320.07,63.02,48.60,0.88,6,-1
366,24,386.73,295.93,44.66,47.66,0.86,15,-1
366,25,236.33,402.17,52.54,60.68,0.84,21,-1
367,30,533.90,88.82,40.41,52.58,0.85,3,-1
367,23,425.86,320.07,62.92,48.58,0.88,6,-1
367,24,386.74,295.94,44.65,47.63,0.86,15,-1
367,31,160.52,356.20,99.48,56.08,0.79,17,-1
367,25,236.05,402.03,52.72,60.82,0.84,21,-1
368,30,534.31,88.88,40.10,52.09,0.85,3,-1
368,23,425.88,320.08,62.87,48.58,0.88,6,-1
368,24,386.73,295.95,44.64,47.62,0.86,15,-1
368,31,155.77,345.00,101.44,57.02,0.82,17,-1
368,25,235.97,401.78,52.87,60.94,0.84,21,-1
369,30,534.06,88.73,40.44,52.58,0.85,3,-1
369,23,425.95,320.09,62.85,48.59,0.88,6,-1
369,24,386.68,295.95,44.69,47.66,0.86,15,-1
369,31,154.97,337.92,105.40,59.09,0.84,17,-1
369,25,236.13,401.74,52.89,60.92,0.84,21,-1
370,30,534.04,88.46,40.63,52.79,0.85,3,-1
370,23,425.98,320.09,62.80,48.56,0.88,6,-1
370,24,386.69,295.95,44.66,47.62,0.86,15,-1
370,31,154.02,331.00,103.72,57.89,0.80,17,-1
370,25,236.29,401.93,52.76,60.75,0.84,21,-1
371,30,534.38,88.29,40.58,52.66,0.85,3,-1
371,23,425.98,320.09,62.83,48.60,0.88,6,-1
371,24,386.73,295.91,44.67,47.64,0.86,15,-1
371,31,157.31,325.46,104.24,58.02,0.83,17,-1
371,25,236.46,401.98,52.69,60.66,0.85,21,-1
372,30,535.67,88.61,39.75,51.47,0.85,3,-1
372,23,425.99,320.09,62.82,48.61,0.88,6,-1
372,24,386.76,295.89,44.67,47.65,0.86,15,-1
372,31,160.29,316.94,113.66,63.29,0.87,17,-1
372,25,236.56,402.06,52.67,60.67,0.84,21,-1
373,30,536.92,89.12,39.07,50.49,0.85,3,-1
373,23,426.07,320.11,62.65,48.49,0.88,6,-1
373,24,386.79,295.89,44.61,47.59,0.86,15,-1
373,31,170.74,302.62,116.77,65.65,0.78,17,-1
373,25,236.68,402.18,52.53,60.56,0.84,21,-1
374,30,538.78,89.46,38.19,49.25,0.85,3,-1
374,23,426.06,320.09,62.65,48.51,0.88,6,-1
374,24,386.82,295.87,44.62,47.59,0.86,15,-1
374,31,178.96,289.09,111.49,62.37,0.82,17,-1
374,25,236.80,402.21,52.53,60.66,0.84,21,-1
375,30,541.06,89.46,37.53,48.10,0.85,3,-1
375,23,426.06,320.06,62.60,48.48,0.88,6,-1
375,24,386.84,295.85,44.60,47.56,0.86,15,-1
375,31,180.71,273.83,116.13,64.96,0.88,17,-1
375,25,236.88,402.22,52.55,60.78,0.83,21,-1
376,30,543.65,88.89,37.52,47.77,0.85,3,-1
376,23,426.13,320.03,62.60,48.50,0.88,6,-1
376,24,386.84,295.86,44.57,47.53,0.86,15,-1
376,31,183.97,258.38,123.04,69.05,0.88,17,-1
376,25,236.67,402.18,52.83,61.19,0.83,21,-1
377,30,546.34,88.91,37.19,47.07,0.87,3,-1
377,23,426.15,320.04,62.63,48.51,0.88,6,-1
377,24,386.83,295.85,44.58,47.52,0.86,15,-1
377,31,194.58,239.47,124.54,70.33,0.90,17,-1
377,25,236.67,402.18,52.89,61.35,0.83,21,-1
378,30,551.10,89.69,37.19,46.79,0.86,3,-1
378,23,426.10,319.96,62.72,48.56,0.88,6,-1
378,24,386.81,295.86,44.52,47.46,0.86,15,-1
378,31,213.40,205.06,126.71,71.52,0.90,17,-1
378,25,236.54,402.20,52.98,61.47,0.83,21,-1
379,30,555.25,90.60,36.52,45.54,0.86,3,-1
379,23,426.04,319.86,62.88,48.69,0.88,6,-1
379,24,386.75,295.82,44.55,47.47,0.85,15,-1
379,31,234.63,177.71,125.16,70.49,0.90,17,-1
379,25,236.54,402.70,52.23,60.60,0.83,21,-1
380,30,560.59,92.09,35.45,43.86,0.84,3,-1
380,23,426.04,319.77,62.98,48.82,0.88,6,-1
380,24,386.65,295.87,44.70,47.63,0.85,15,-1
380,31,257.43,155.58,121.05,67.68,0.90,17,-1
380,25,236.61,402.91,51.87,60.17,0.83,21,-1
381,30,565.65,92.67,35.48,43.65,0.83,3,-1
381,23,426.01,319.69,63.06,48.95,0.88,6,-1
381,24,386.57,295.96,44.72,47.64,0.85,15,-1
381,31,282.79,136.23,120.51,66.87,0.90,17,-1
381,25,236.68,403.08,51.64,59.90,0.83,21,-1
382,30,570.39,91.97,34.91,42.66,0.84,3,-1
382,23,426.04,319.67,63.04,48.99,0.88,6,-1
382,24,386.44,295.92,45.08,48.04,0.85,15,-1
382,31,307.23,119.04,118.03,65.12,0.91,17,-1
382,25,236.66,403.17,51.65,59.89,0.83,21,-1
383,30,577.45,89.11,34.04,41.08,0.85,3,-1
383,23,426.15,319.65,62.85,48.89,0.88,6,-1
383,24,386.45,295.89,45.01,47.96,0.85,15,-1
383,31,347.34,98.10,115.92,63.98,0.91,17,-1
383,25,236.69,403.21,51.63,59.88,0.82,21,-1
384,30,581.87,86.77,34.08,40.68,0.84,3,-1
384,23,426.22,319.62,62.71,48.83,0.88,6,-1
384,24,386.51,295.82,45.09,48.06,0.85,15,-1
384,31,375.41,85.27,112.10,62.43,0.90,17,-1
384,25,236.88,403.37,51.37,59.57,0.82,21,-1
385,30,585.26,84.83,33.97,40.12,0.85,3,-1
385,23,426.26,319.65,62.64,48.82,0.88,6,-1
385,24,386.61,295.80,45.11,48.09,0.85,15,-1
385,31,400.34,78.56,104.64,58.90,0.90,17,-1
385,25,237.01,403.41,51.28,59.47,0.82,21,-1
386,30,587.58,82.92,33.68,39.31,0.84,3,-1
386,23,426.29,319.70,62.57,48.81,0.88,6,-1
386,24,386.63,295.79,45.17,48.18,0.85,15,-1
386,31,420.88,74.37,100.14,57.57,0.89,17,-1
386,25,237.03,403.46,51.29,59.46,0.82,21,-1
387,30,589.21,81.01,34.32,39.73,0.85,3,-1
387,23,426.85,319.87,61.90,48.26,0.88,6,-1
387,24,386.63,295.78,45.16,48.18,0.85,15,-1
387,31,438.98,69.49,93.91,55.92,0.89,17,-1
387,25,235.84,403.67,52.17,60.46,0.82,21,-1
388,30,592.13,77.54,35.29,40.52,0.85,3,-1
388,23,426.96,319.93,61.90,48.25,0.88,6,-1
388,24,386.63,295.80,45.12,48.16,0.85,15,-1
388,31,459.35,60.67,89.58,56.12,0.39,17,-1
388,25,235.36,403.58,52.28,60.52,0.82,21,-1
389,30,594.51,75.59,35.37,40.28,0.83,3,-1
389,32,490.71,61.06,41.80,52.69,0.58,3,-1
389,23,426.43,319.82,62.37,48.68,0.88,6,-1
389,24,386.67,295.80,45.07,48.10,0.85,15,-1
389,25,235.36,403.78,52.02,60.18,0.82,21,-1
390,30,595.80,74.22,34.84,39.35,0.84,3,-1
390,32,497.16,59.04,38.97,49.02,0.38,3,-1
390,23,426.26,319.78,62.57,48.84,0.88,6,-1
390,24,386.68,295.83,45.04,48.10,0.86,15,-1
390,25,235.46,403.92,52.23,60.46,0.82,21,-1
391,30,596.91,73.07,35.23,39.53,0.85,3,-1
391,32,502.89,59.04,39.96,50.19,0.48,3,-1
391,23,426.14,319.69,62.73,49.00,0.88,6,-1
391,24,386.73,295.83,44.99,48.05,0.85,15,-1
391,25,235.51,403.80,52.15,60.36,0.82,21,-1
392,30,597.44,71.94,35.91,40.00,0.83,3,-1
392,32,506.10,58.65,44.57,56.16,0.15,3,-1
392,23,426.09,319.66,62.84,49.11,0.88,6,-1
392,24,386.74,295.83,44.99,48.06,0.86,15,-1
392,25,235.46,403.72,52.24,60.49,0.83,21,-1
393,30,598.40,70.77,35.01,38.76,0.85,3,-1
393,23,426.14,319.71,62.77,49.07,0.88,6,-1
393,24,386.77,295.85,44.96,48.03,0.86,15,-1
393,25,235.40,403.58,52.48,60.78,0.83,21,-1
394,30,598.59,69.89,34.45,37.89,0.85,3,-1
394,23,426.14,319.76,62.71,49.03,0.88,6,-1
394,24,386.75,295.88,44.91,47.99,0.86,15,-1
394,25,235.40,403.56,52.52,60.84,0.83,21,-1
395,30,598.03,68.73,35.05,38.44,0.85,3,-1
395,23,426.17,319.78,62.57,48.92,0.88,6,-1
395,24,386.75,295.92,44.90,47.99,0.86,15,-1
395,25,235.41,403.52,52.57,60.91,0.83,21,-1
396,30,598.17,67.75,35.32,38.71,0.82,3,-1
396,23,426.26,319.81,62.52,48.88,0.88,6,-1
396,24,386.76,295.97,44.89,47.98,0.86,15,-1
396,25,235.47,403.46,52.63,61.00,0.82,21,-1
397,30,601.57,64.79,36.14,40.04,0.32,3,-1
397,23,426.37,319.84,62.58,48.93,0.88,6,-1
397,24,386.72,295.97,44.94,48.02,0.86,15,-1
397,25,235.49,403.36,52.73,61.16,0.83,21,-1
398,23,426.51,319.81,62.76,49.12,0.88,6,-1
398,24,386.74,296.03,44.98,48.06,0.86,15,-1
398,25,235.32,403.26,53.11,61.67,0.82,21,-1
399,23,426.61,319.67,63.00,49.37,0.88,6,-1
399,24,386.61,295.97,45.33,48.43,0.85,15,-1
399,25,235.15,403.27,53.01,61.54,0.83,21,-1
400,23,426.42,319.71,62.67,49.32,0.87,6,-1
400,24,389.08,302.12,41.27,43.25,0.82,15,-1
400,25,235.48,403.46,52.43,60.98,0.83,21,-1
