42,28,212.56,382.29,45.00,56.55,0.34,6,-1
43,28,209.00,382.41,42.88,53.56,0.01,6,-1
44,28,206.90,382.23,44.40,54.96,0.24,6,-1
45,28,205.38,381.62,45.55,55.75,0.25,6,-1
46,29,223.98,373.63,75.72,97.71,0.51,6,-1
47,29,227.68,365.75,74.54,96.08,0.03,6,-1
47,28,212.78,380.66,42.20,51.38,0.06,6,-1
48,30,492.52,352.44,141.81,95.51,0.36,3,-1
48,33,237.76,405.24,49.43,61.63,0.84,21,-1
49,30,493.63,352.48,140.08,94.37,0.79,3,-1
49,31,427.52,320.63,57.27,49.13,0.83,6,-1
49,32,387.29,298.17,45.97,47.05,0.84,15,-1
49,33,237.83,405.31,49.17,61.27,0.82,21,-1
50,30,494.18,351.20,139.67,94.01,0.89,3,-1
50,31,428.14,319.96,57.24,49.06,0.86,6,-1
50,32,386.47,297.64,46.17,47.25,0.84,15,-1
50,33,237.70,404.82,49.37,61.49,0.84,21,-1
51,30,496.18,353.06,136.13,91.31,0.89,3,-1
51,31,428.64,319.61,57.43,49.13,0.87,6,-1
51,32,386.14,297.46,46.56,47.65,0.84,15,-1
51,33,237.23,404.34,49.96,62.20,0.84,21,-1
52,30,489.91,348.69,148.23,99.42,0.55,3,-1
52,31,426.47,320.21,55.71,47.55,0.85,6,-1
52,32,385.23,297.38,47.22,48.38,0.84,15,-1
52,33,237.62,403.15,49.12,61.02,0.82,21,-1
65,32,385.73,299.22,47.05,47.84,0.01,15,-1
66,32,386.03,299.56,46.25,46.90,0.06,15,-1
67,32,385.44,298.93,47.57,48.08,0.69,15,-1
68,31,425.21,320.18,55.83,47.54,0.72,6,-1
68,32,384.79,298.22,48.03,48.49,0.80,15,-1
68,33,236.53,400.49,52.77,65.49,0.03,21,-1
69,31,423.85,320.04,55.46,47.09,0.78,6,-1
69,32,384.61,298.25,47.86,48.38,0.84,15,-1
69,33,236.23,400.24,52.41,64.82,0.60,21,-1
70,31,423.66,320.22,55.22,46.69,0.79,6,-1
70,32,385.17,297.83,48.32,48.90,0.83,15,-1
70,33,234.30,398.72,53.56,65.87,0.66,21,-1
71,31,424.25,319.17,56.18,47.42,0.84,6,-1
71,32,385.54,297.67,47.80,48.40,0.84,15,-1
71,33,233.99,399.98,53.01,64.97,0.84,21,-1
72,31,424.49,318.72,56.49,47.58,0.86,6,-1
72,32,385.86,298.09,47.35,47.89,0.83,15,-1
72,33,234.63,400.89,51.67,63.09,0.84,21,-1
73,30,475.43,339.19,167.87,115.85,0.33,3,-1
73,31,426.32,318.80,57.61,48.66,0.82,6,-1
73,32,385.74,297.75,47.57,48.16,0.84,15,-1
73,33,234.93,401.57,51.31,62.47,0.84,21,-1
74,30,475.01,336.74,164.92,116.12,0.20,3,-1
74,31,427.49,319.51,56.57,47.75,0.86,6,-1
74,32,385.90,298.03,47.08,47.75,0.83,15,-1
74,33,235.07,401.63,51.51,62.57,0.84,21,-1
75,30,483.22,342.08,150.64,107.12,0.54,3,-1
75,31,427.56,319.97,56.07,47.20,0.86,6,-1
75,32,384.56,297.82,47.65,48.29,0.84,15,-1
75,33,235.34,401.53,51.98,62.85,0.84,21,-1
76,30,488.97,346.51,134.14,95.58,0.67,3,-1
76,31,426.72,319.92,55.19,46.18,0.88,6,-1
76,32,383.79,297.95,47.40,47.95,0.84,15,-1
76,33,236.39,401.08,52.55,63.49,0.84,21,-1
77,30,493.14,348.48,131.91,93.09,0.78,3,-1
77,31,426.42,320.06,54.87,45.63,0.87,6,-1
77,32,383.87,297.90,47.53,48.21,0.85,15,-1
77,33,236.77,400.88,52.77,63.63,0.83,21,-1
78,30,494.88,350.71,134.21,93.25,0.81,3,-1
78,31,426.27,319.77,55.98,46.47,0.88,6,-1
78,32,384.03,297.32,48.04,48.83,0.86,15,-1
78,33,235.91,401.91,52.28,62.81,0.82,21,-1
79,30,495.03,351.19,136.17,92.94,0.83,3,-1
79,31,426.06,319.43,57.34,47.44,0.87,6,-1
79,32,383.72,296.30,48.28,49.28,0.87,15,-1
79,33,235.73,401.90,52.51,63.23,0.82,21,-1
80,30,496.15,352.52,136.38,91.51,0.85,3,-1
80,31,426.33,319.41,57.60,47.56,0.88,6,-1
80,32,383.32,295.88,48.94,50.10,0.88,15,-1
80,33,235.77,403.03,51.65,62.20,0.82,21,-1
81,30,495.43,352.85,139.95,92.70,0.86,3,-1
81,31,426.31,319.31,57.92,47.71,0.88,6,-1
81,32,383.26,295.80,49.19,50.49,0.88,15,-1
81,33,235.73,403.64,51.16,61.59,0.82,21,-1
82,30,492.80,354.01,140.72,93.21,0.68,3,-1
82,31,425.87,319.03,58.70,48.18,0.88,6,-1
82,32,383.50,295.83,48.83,50.34,0.88,15,-1
82,33,235.38,403.72,51.38,61.88,0.83,21,-1
83,30,494.15,354.37,140.33,92.56,0.52,3,-1
83,31,425.61,318.92,59.06,48.34,0.88,6,-1
83,32,384.20,295.86,48.21,49.90,0.88,15,-1
83,33,235.38,403.89,51.43,61.92,0.84,21,-1
84,30,489.00,352.51,146.18,97.48,0.35,3,-1
84,31,426.45,319.01,58.72,47.96,0.88,6,-1
84,32,384.67,295.71,48.22,49.93,0.88,15,-1
84,33,236.12,404.23,50.81,61.19,0.84,21,-1
85,30,490.99,350.26,141.29,93.65,0.77,3,-1
85,34,491.65,351.06,58.21,79.25,0.17,3,-1
85,31,426.64,318.81,59.27,48.33,0.88,6,-1
85,32,385.01,295.65,48.15,49.89,0.87,15,-1
85,33,236.21,404.42,50.61,60.96,0.84,21,-1
86,30,493.91,345.65,141.62,92.89,0.83,3,-1
86,34,491.94,346.75,57.70,78.55,0.04,3,-1
86,35,485.88,348.49,67.05,64.07,0.04,3,-1
86,31,426.26,318.86,59.35,48.32,0.87,6,-1
86,32,385.16,295.66,47.78,49.56,0.87,15,-1
86,33,236.07,404.26,50.76,61.14,0.84,21,-1
87,30,502.05,335.33,133.69,86.40,0.87,3,-1
87,31,426.01,318.85,59.80,48.61,0.87,6,-1
87,32,385.23,295.69,47.61,49.43,0.87,15,-1
87,33,235.91,404.23,50.73,61.07,0.84,21,-1
88,30,502.42,310.74,130.68,84.14,0.64,3,-1
88,31,425.80,318.77,60.34,49.00,0.87,6,-1
88,32,385.25,295.69,47.56,49.42,0.87,15,-1
88,33,235.85,404.25,50.67,60.97,0.84,21,-1
89,30,459.89,237.58,223.80,152.18,0.86,3,-1
89,36,444.03,120.92,287.73,260.74,0.05,3,-1
89,31,425.53,318.71,60.78,49.32,0.87,6,-1
89,32,384.93,295.85,47.70,49.74,0.87,15,-1
89,33,235.85,404.29,50.61,60.88,0.84,21,-1
90,30,434.10,186.95,281.03,203.88,0.77,3,-1
90,31,425.39,318.71,61.19,49.58,0.88,6,-1
90,32,384.76,295.89,47.84,50.09,0.87,15,-1
90,33,235.83,404.26,50.62,60.88,0.84,21,-1
91,37,535.34,103.76,99.27,263.96,0.88,3,-1
91,31,425.35,318.70,61.22,49.52,0.87,6,-1
91,32,384.77,295.90,47.75,50.20,0.87,15,-1
91,33,235.71,404.27,50.66,60.94,0.84,21,-1
92,37,528.13,84.90,105.57,279.95,0.87,3,-1
92,31,425.30,318.62,61.75,49.90,0.87,6,-1
92,32,384.89,295.93,47.50,50.10,0.87,15,-1
92,33,235.66,404.20,50.75,61.05,0.84,21,-1
93,37,517.05,22.24,103.39,273.68,0.84,3,-1
93,31,425.61,318.62,61.92,49.85,0.87,6,-1
93,32,384.95,296.01,47.30,50.05,0.87,15,-1
93,33,235.54,404.06,50.92,61.27,0.84,21,-1
94,37,502.19,-3.45,96.44,253.74,0.86,3,-1
94,31,425.79,318.74,61.94,49.71,0.87,6,-1
94,32,385.10,296.07,46.95,49.81,0.87,15,-1
94,33,235.56,404.10,50.81,61.12,0.84,21,-1
95,37,487.72,-6.73,85.64,223.84,0.86,3,-1
95,31,425.45,318.55,62.42,50.10,0.88,6,-1
95,32,385.28,296.09,46.78,49.74,0.87,15,-1
95,33,235.52,404.13,50.83,61.15,0.83,21,-1
96,37,469.78,-6.90,80.19,208.37,0.86,3,-1
96,31,425.39,318.50,62.56,50.22,0.88,6,-1
96,32,385.46,296.11,46.52,49.56,0.87,15,-1
96,33,235.46,404.34,50.86,61.17,0.83,21,-1
97,37,454.23,-2.39,76.75,197.90,0.85,3,-1
97,31,425.40,318.47,62.70,50.33,0.88,6,-1
97,32,385.70,296.14,46.21,49.32,0.86,15,-1
97,33,235.36,404.41,50.97,61.28,0.83,21,-1
98,37,440.35,-0.15,73.05,186.41,0.88,3,-1
98,31,425.36,318.38,62.87,50.49,0.88,6,-1
98,32,385.81,296.06,46.13,49.28,0.86,15,-1
98,33,235.36,404.52,50.92,61.21,0.83,21,-1
99,37,441.51,23.21,66.10,163.62,0.90,3,-1
99,31,425.28,318.33,63.07,50.69,0.87,6,-1
99,32,385.78,295.99,46.18,49.40,0.86,15,-1
99,33,235.26,404.50,51.00,61.29,0.83,21,-1
100,31,426.53,319.21,62.71,50.34,0.87,6,-1
100,32,386.16,296.65,45.63,48.71,0.85,15,-1
100,33,236.01,402.68,52.80,63.48,0.83,21,-1
101,39,446.56,89.17,83.62,111.03,0.91,3,-1
101,31,427.01,319.55,62.49,50.12,0.87,6,-1
101,32,386.29,296.92,45.45,48.44,0.85,15,-1
101,33,236.27,402.00,53.48,64.31,0.83,21,-1
102,39,463.13,105.26,71.14,93.44,0.89,3,-1
102,31,427.08,319.77,62.54,50.09,0.87,6,-1
102,32,386.29,297.03,45.41,48.31,0.86,15,-1
102,33,236.34,401.69,53.77,64.67,0.84,21,-1
103,39,490.64,114.60,62.66,80.25,0.89,3,-1
103,31,426.90,319.89,62.69,50.14,0.87,6,-1
103,32,386.22,297.02,45.49,48.32,0.86,15,-1
103,33,236.36,401.60,53.85,64.77,0.84,21,-1
104,39,505.92,112.11,63.51,79.54,0.89,3,-1
104,31,426.66,319.89,63.02,50.36,0.87,6,-1
104,32,386.16,296.97,45.64,48.42,0.86,15,-1
104,33,236.45,401.56,53.75,64.64,0.84,21,-1
105,39,518.09,107.60,63.50,77.81,0.88,3,-1
105,31,426.56,319.87,63.17,50.46,0.87,6,-1
105,32,386.09,296.93,45.82,48.56,0.86,15,-1
105,33,236.43,401.66,53.62,64.50,0.84,21,-1
106,39,524.48,94.55,69.46,84.01,0.89,3,-1
106,31,426.53,319.88,63.21,50.47,0.87,6,-1
106,32,386.01,296.98,45.90,48.59,0.86,15,-1
106,33,236.46,401.75,53.54,64.39,0.84,21,-1
107,39,532.33,89.17,69.58,82.93,0.89,3,-1
107,31,426.45,319.91,63.31,50.53,0.87,6,-1
107,32,385.93,296.98,46.03,48.68,0.86,15,-1
107,33,236.54,401.79,53.45,64.29,0.84,21,-1
108,39,546.42,81.59,61.27,71.24,0.82,3,-1
108,40,568.78,81.43,43.74,47.70,0.81,3,-1
108,31,426.55,319.97,63.22,50.41,0.87,6,-1
108,32,385.96,296.98,46.04,48.65,0.86,15,-1
108,33,236.57,401.81,53.37,64.19,0.84,21,-1
109,40,573.59,75.52,40.94,44.62,0.85,3,-1
109,31,426.55,320.00,63.11,50.29,0.87,6,-1
109,32,385.88,296.92,46.12,48.72,0.86,15,-1
109,33,236.57,401.88,53.32,64.12,0.84,21,-1
110,40,573.71,70.87,39.44,42.95,0.87,3,-1
110,31,426.66,319.98,63.02,50.17,0.87,6,-1
110,32,385.87,296.92,46.08,48.68,0.86,15,-1
110,33,236.54,401.86,53.35,64.15,0.84,21,-1
111,40,572.75,69.11,39.04,42.60,0.88,3,-1
111,31,426.58,319.92,63.06,50.19,0.87,6,-1
111,32,385.93,296.93,46.00,48.59,0.86,15,-1
111,33,236.59,401.92,53.20,63.94,0.84,21,-1
112,40,569.87,68.79,40.10,43.98,0.87,3,-1
112,31,426.52,319.90,63.18,50.29,0.87,6,-1
112,32,386.00,296.94,45.90,48.47,0.86,15,-1
112,33,236.61,401.99,53.11,63.80,0.84,21,-1
113,40,564.84,68.87,39.75,43.88,0.87,3,-1
113,31,426.61,319.87,63.23,50.33,0.87,6,-1
113,32,386.02,296.96,45.85,48.39,0.86,15,-1
113,33,236.62,402.03,53.07,63.73,0.84,21,-1
114,40,560.97,69.06,39.59,43.93,0.89,3,-1
114,31,426.66,319.87,63.22,50.31,0.87,6,-1
114,32,386.03,297.00,45.83,48.35,0.86,15,-1
114,33,236.62,402.05,53.06,63.69,0.84,21,-1
115,40,557.23,69.47,38.99,43.31,0.87,3,-1
115,31,426.63,319.86,63.19,50.30,0.87,6,-1
115,32,386.03,297.01,45.83,48.33,0.86,15,-1
115,33,236.62,402.02,53.15,63.77,0.84,21,-1
116,40,554.18,70.00,39.31,43.80,0.89,3,-1
116,31,426.59,319.85,63.16,50.28,0.87,6,-1
116,32,386.02,296.99,45.84,48.33,0.86,15,-1
116,33,236.69,402.00,53.04,63.60,0.84,21,-1
117,40,552.61,70.88,38.81,43.32,0.88,3,-1
117,31,426.56,319.84,63.13,50.26,0.87,6,-1
117,32,386.01,296.98,45.85,48.34,0.86,15,-1
117,33,236.70,401.98,53.05,63.56,0.84,21,-1
118,40,549.90,72.48,40.03,44.45,0.88,3,-1
118,31,426.59,319.81,63.14,50.27,0.87,6,-1
118,32,385.97,296.99,45.85,48.32,0.86,15,-1
118,33,236.68,401.97,53.09,63.58,0.84,21,-1
119,40,548.18,73.51,41.20,45.67,0.86,3,-1
119,31,426.62,319.82,63.07,50.20,0.87,6,-1
119,32,386.00,297.03,45.80,48.26,0.86,15,-1
119,33,236.67,401.96,53.13,63.59,0.84,21,-1
120,40,547.10,74.87,42.04,46.61,0.88,3,-1
120,31,426.55,319.82,63.08,50.20,0.87,6,-1
120,32,385.97,297.05,45.78,48.21,0.86,15,-1
120,33,236.65,401.93,53.20,63.65,0.84,21,-1
121,40,547.26,77.88,41.68,46.50,0.87,3,-1
121,31,426.56,319.85,62.96,50.08,0.87,6,-1
121,32,385.96,297.06,45.76,48.17,0.86,15,-1
121,33,236.67,401.97,53.17,63.60,0.84,21,-1
122,40,545.56,79.53,41.88,46.99,0.87,3,-1
122,31,426.56,319.87,62.90,50.01,0.87,6,-1
122,32,385.95,297.06,45.77,48.17,0.86,15,-1
122,33,236.67,401.99,53.18,63.58,0.84,21,-1
123,40,543.21,81.64,42.33,47.82,0.88,3,-1
123,31,426.56,319.86,62.89,49.98,0.87,6,-1
123,32,385.94,297.05,45.75,48.15,0.86,15,-1
123,33,236.66,401.98,53.24,63.63,0.84,21,-1
124,40,541.67,83.67,42.45,48.29,0.87,3,-1
124,31,426.56,319.83,62.95,50.02,0.87,6,-1
124,32,385.88,297.01,45.81,48.21,0.86,15,-1
124,33,236.65,401.96,53.30,63.69,0.84,21,-1
125,40,540.42,85.15,43.03,49.27,0.86,3,-1
125,31,426.55,319.80,62.96,50.02,0.87,6,-1
125,32,385.81,296.98,45.87,48.27,0.86,15,-1
125,33,236.47,401.87,53.53,63.96,0.84,21,-1
126,40,539.15,86.58,42.87,49.29,0.86,3,-1
126,31,426.52,319.78,62.92,49.98,0.87,6,-1
126,32,385.88,297.01,45.84,48.25,0.86,15,-1
126,33,236.40,401.77,53.74,64.21,0.84,21,-1
127,40,537.85,87.80,43.22,49.98,0.85,3,-1
127,31,426.51,319.78,62.92,49.97,0.87,6,-1
127,32,385.91,297.02,45.83,48.25,0.86,15,-1
127,33,236.38,401.71,53.85,64.34,0.84,21,-1
128,40,534.93,89.22,44.36,51.91,0.86,3,-1
128,31,426.55,319.86,62.75,49.81,0.87,6,-1
128,32,385.94,297.02,45.75,48.16,0.86,15,-1
128,33,236.27,401.61,53.97,64.46,0.84,21,-1
129,40,533.10,91.38,44.44,52.53,0.87,3,-1
129,31,426.56,319.91,62.68,49.72,0.87,6,-1
129,32,385.96,297.04,45.69,48.10,0.86,15,-1
129,33,236.23,401.58,54.00,64.49,0.84,21,-1
130,40,531.19,93.33,44.08,52.45,0.86,3,-1
130,31,426.60,319.96,62.32,49.40,0.86,6,-1
130,32,385.96,297.05,45.69,48.10,0.86,15,-1
130,33,236.21,401.52,54.10,64.62,0.84,21,-1
131,40,529.33,94.94,43.72,52.22,0.85,3,-1
131,31,426.63,319.98,62.19,49.28,0.86,6,-1
131,32,385.94,297.06,45.69,48.09,0.86,15,-1
131,33,236.19,401.49,54.17,64.71,0.84,21,-1
132,40,527.01,96.81,44.16,53.01,0.88,3,-1
132,31,426.60,319.94,62.19,49.26,0.86,6,-1
132,32,385.85,296.84,45.73,48.11,0.85,15,-1
132,33,236.18,401.49,54.17,64.73,0.84,21,-1
133,40,523.34,99.85,44.21,53.14,0.87,3,-1
133,31,426.61,319.98,62.12,49.18,0.86,6,-1
133,32,385.86,296.80,45.69,48.04,0.85,15,-1
133,33,236.10,401.51,54.11,64.70,0.83,21,-1
134,40,520.84,102.25,43.28,51.94,0.86,3,-1
134,31,426.54,319.97,62.17,49.21,0.86,6,-1
134,32,385.83,296.76,45.67,48.00,0.85,15,-1
134,33,236.08,401.50,54.09,64.71,0.83,21,-1
135,40,518.22,103.24,43.46,52.22,0.86,3,-1
135,31,426.55,319.99,62.11,49.15,0.86,6,-1
135,32,385.83,296.77,45.65,47.96,0.86,15,-1
135,33,236.10,401.52,54.04,64.68,0.83,21,-1
136,40,516.33,104.93,43.26,51.91,0.87,3,-1
136,31,426.52,320.01,62.12,49.14,0.86,6,-1
136,32,385.77,296.81,45.67,47.96,0.86,15,-1
136,33,236.10,401.54,53.99,64.65,0.83,21,-1
137,40,514.78,105.95,43.26,51.67,0.87,3,-1
137,31,426.55,320.04,62.04,49.05,0.86,6,-1
137,32,385.74,296.81,45.71,47.99,0.86,15,-1
137,33,236.10,401.55,53.95,64.64,0.83,21,-1
138,40,512.17,108.51,43.46,51.82,0.86,3,-1
138,31,426.54,320.04,62.08,49.07,0.86,6,-1
138,32,385.69,296.84,45.73,48.01,0.85,15,-1
138,33,236.11,401.55,53.92,64.64,0.83,21,-1
139,40,510.46,112.36,42.13,49.96,0.84,3,-1
139,31,426.55,320.03,62.02,49.02,0.86,6,-1
139,32,385.74,296.93,45.66,47.91,0.85,15,-1
139,33,236.12,401.62,53.85,64.59,0.84,21,-1
140,40,508.78,114.89,41.04,48.30,0.84,3,-1
140,31,426.60,320.06,61.98,48.97,0.86,6,-1
140,32,385.73,297.00,45.63,47.86,0.85,15,-1
140,33,236.11,401.64,53.79,64.55,0.83,21,-1
141,40,506.38,117.93,39.81,46.60,0.84,3,-1
141,31,426.64,320.09,61.88,48.86,0.86,6,-1
141,32,385.76,297.03,45.56,47.78,0.85,15,-1
141,33,236.11,401.65,53.77,64.57,0.83,21,-1
142,40,504.54,120.76,38.51,44.54,0.85,3,-1
142,31,426.69,320.11,61.86,48.84,0.86,6,-1
142,32,385.73,297.02,45.66,47.87,0.85,15,-1
142,33,236.03,401.58,53.81,64.74,0.83,21,-1
143,40,498.67,121.77,39.71,45.95,0.86,3,-1
143,31,426.73,320.10,61.85,48.83,0.86,6,-1
143,32,385.72,297.01,45.76,47.95,0.85,15,-1
143,33,236.01,401.51,53.84,64.91,0.84,21,-1
144,40,495.64,124.78,38.70,44.55,0.84,3,-1
144,31,426.75,320.13,61.77,48.75,0.86,6,-1
144,32,385.71,297.02,45.78,47.94,0.85,15,-1
144,33,236.03,401.54,53.71,64.86,0.84,21,-1
145,40,493.44,126.78,37.72,42.79,0.86,3,-1
145,31,426.69,320.13,61.86,48.82,0.86,6,-1
145,32,385.71,297.01,45.82,47.96,0.85,15,-1
145,33,236.07,401.56,53.59,64.81,0.84,21,-1
146,40,490.82,130.02,36.24,40.71,0.86,3,-1
146,31,426.67,320.12,61.89,48.83,0.86,6,-1
146,32,385.76,297.07,45.75,47.86,0.85,15,-1
146,33,236.14,401.54,53.56,64.83,0.84,21,-1
147,40,488.96,132.34,35.34,39.31,0.86,3,-1
147,31,426.65,320.18,61.89,48.81,0.87,6,-1
147,32,385.74,297.08,45.78,47.86,0.85,15,-1
147,33,236.22,401.55,53.50,64.84,0.84,21,-1
148,40,485.12,134.18,35.44,39.16,0.86,3,-1
148,31,426.46,320.16,62.08,48.95,0.86,6,-1
148,32,385.74,297.13,45.83,47.88,0.85,15,-1
148,33,236.24,401.50,53.50,64.90,0.84,21,-1
149,40,482.38,136.45,34.37,37.51,0.85,3,-1
149,31,426.40,320.19,62.01,48.87,0.86,6,-1
149,32,385.75,297.12,45.87,47.89,0.85,15,-1
149,33,236.23,401.51,53.39,64.83,0.83,21,-1
150,40,480.67,138.12,33.73,36.29,0.86,3,-1
150,31,426.33,320.21,61.91,48.80,0.87,6,-1
150,32,386.11,296.73,45.79,47.86,0.85,15,-1
150,33,235.58,401.84,53.42,64.88,0.84,21,-1
151,40,478.36,138.99,33.02,35.08,0.86,3,-1
151,31,426.40,320.20,61.79,48.72,0.87,6,-1
151,32,386.26,296.57,45.74,47.84,0.85,15,-1
151,33,235.36,401.94,53.43,64.88,0.84,21,-1
152,40,476.56,139.96,32.57,34.02,0.85,3,-1
152,31,426.45,320.18,61.72,48.69,0.87,6,-1
152,32,386.31,296.51,45.73,47.86,0.85,15,-1
152,33,235.53,402.60,52.50,63.72,0.83,21,-1
153,40,473.38,140.66,33.14,34.10,0.84,3,-1
153,31,426.51,320.17,61.59,48.59,0.87,6,-1
153,32,386.29,296.45,45.74,47.91,0.85,15,-1
153,33,235.26,402.24,53.07,64.46,0.83,21,-1
154,40,471.34,141.49,33.22,33.68,0.84,3,-1
154,31,426.54,320.16,61.59,48.60,0.87,6,-1
154,32,386.31,296.42,45.72,47.92,0.85,15,-1
154,33,235.17,402.10,53.28,64.76,0.83,21,-1
155,40,469.52,141.90,33.56,33.50,0.83,3,-1
155,31,426.54,320.14,61.60,48.61,0.87,6,-1
155,32,386.31,296.41,45.69,47.91,0.85,15,-1
155,33,235.18,402.07,53.30,64.83,0.83,21,-1
156,40,467.00,142.38,34.00,33.56,0.84,3,-1
156,31,426.49,320.09,61.67,48.68,0.88,6,-1
156,32,386.34,296.42,45.60,47.86,0.85,15,-1
156,33,235.13,401.94,53.46,65.03,0.83,21,-1
157,40,465.43,142.56,34.18,33.46,0.83,3,-1
157,31,426.49,320.09,61.64,48.67,0.88,6,-1
157,32,386.40,296.44,45.50,47.78,0.85,15,-1
157,33,235.19,401.91,53.46,65.05,0.83,21,-1
158,40,462.02,143.11,34.85,33.89,0.84,3,-1
158,31,426.52,320.07,61.63,48.66,0.88,6,-1
158,32,386.43,296.44,45.44,47.74,0.85,15,-1
158,33,235.20,401.88,53.46,65.05,0.83,21,-1
159,40,459.60,143.20,35.45,34.28,0.84,3,-1
159,31,426.53,320.06,61.64,48.68,0.88,6,-1
159,32,386.41,296.42,45.46,47.79,0.85,15,-1
159,33,235.38,401.92,53.31,64.88,0.83,21,-1
160,40,458.04,144.02,35.26,33.91,0.84,3,-1
160,31,426.54,320.05,61.65,48.71,0.87,6,-1
160,32,386.41,296.39,45.47,47.82,0.85,15,-1
160,33,235.43,401.98,53.21,64.77,0.83,21,-1
161,40,457.03,144.31,35.10,33.34,0.84,3,-1
161,31,426.52,320.01,61.70,48.77,0.87,6,-1
161,32,386.38,296.36,45.54,47.92,0.85,15,-1
161,33,235.43,401.98,53.25,64.81,0.83,21,-1
162,40,456.23,144.88,35.41,33.30,0.84,3,-1
162,31,426.54,320.02,61.68,48.77,0.87,6,-1
162,32,386.37,296.36,45.51,47.91,0.85,15,-1
162,33,235.83,401.89,53.21,64.85,0.83,21,-1
163,40,453.44,144.65,36.09,33.78,0.83,3,-1
163,31,426.53,320.00,61.69,48.77,0.87,6,-1
163,32,386.38,296.37,45.44,47.86,0.85,15,-1
163,33,235.58,402.12,52.85,64.46,0.83,21,-1
164,40,452.38,144.88,35.87,33.37,0.83,3,-1
164,31,426.54,320.01,61.68,48.76,0.87,6,-1
164,32,386.40,296.38,45.38,47.83,0.85,15,-1
164,33,235.51,402.22,52.66,64.27,0.83,21,-1
165,40,451.89,144.75,35.93,33.24,0.83,3,-1
165,31,426.55,320.00,61.71,48.78,0.87,6,-1
165,32,386.39,296.37,45.33,47.79,0.85,15,-1
165,33,235.45,402.12,52.71,64.37,0.83,21,-1
166,40,452.00,144.45,36.21,33.29,0.83,3,-1
166,31,426.54,319.99,61.72,48.78,0.87,6,-1
166,32,386.39,296.38,45.28,47.76,0.85,15,-1
166,33,235.46,402.11,52.57,64.24,0.83,21,-1
167,40,452.49,144.21,36.41,33.24,0.83,3,-1
167,31,426.53,319.98,61.74,48.79,0.87,6,-1
167,32,386.37,296.37,45.30,47.80,0.85,15,-1
167,33,235.54,402.12,52.43,64.09,0.83,21,-1
168,40,454.01,143.91,36.79,33.40,0.82,3,-1
168,31,426.06,319.80,62.28,49.25,0.87,6,-1
168,32,386.41,296.38,45.15,47.65,0.85,15,-1
168,33,235.62,402.18,52.25,63.90,0.83,21,-1
169,40,454.80,143.39,37.35,33.77,0.84,3,-1
169,31,426.40,319.89,61.84,48.88,0.87,6,-1
169,32,386.43,296.39,45.09,47.60,0.85,15,-1
169,33,235.67,402.17,52.23,63.90,0.83,21,-1
170,40,455.44,143.23,37.54,33.79,0.84,3,-1
170,31,426.53,319.92,61.65,48.72,0.88,6,-1
170,32,386.45,296.39,45.02,47.54,0.85,15,-1
170,33,235.70,402.16,52.15,63.84,0.83,21,-1
171,40,455.90,143.18,37.83,33.93,0.84,3,-1
171,31,426.56,319.94,61.60,48.66,0.88,6,-1
171,32,386.45,296.40,44.98,47.51,0.85,15,-1
171,33,235.69,402.08,52.17,63.91,0.83,21,-1
172,40,456.11,143.25,38.05,34.05,0.83,3,-1
172,31,426.58,319.94,61.59,48.64,0.88,6,-1
172,32,386.46,296.40,44.96,47.50,0.85,15,-1
172,33,235.70,402.02,52.19,63.98,0.83,21,-1
173,40,456.36,143.25,38.46,34.25,0.84,3,-1
173,31,426.56,319.94,61.59,48.64,0.88,6,-1
173,32,386.44,296.40,44.94,47.48,0.85,15,-1
173,33,235.78,402.01,52.17,64.01,0.83,21,-1
174,40,456.64,142.96,38.42,34.07,0.84,3,-1
174,31,426.57,319.94,61.61,48.65,0.88,6,-1
174,32,386.44,296.42,44.91,47.45,0.85,15,-1
174,33,235.82,402.00,52.16,64.03,0.83,21,-1
175,40,456.79,142.70,38.47,33.96,0.84,3,-1
175,31,426.56,319.92,61.63,48.66,0.88,6,-1
175,32,386.56,296.63,44.76,47.22,0.85,15,-1
175,33,235.82,401.95,52.18,64.09,0.83,21,-1
176,40,456.73,141.96,38.81,34.18,0.84,3,-1
176,31,426.10,319.73,62.15,49.11,0.88,6,-1
176,32,386.63,296.72,44.71,47.09,0.85,15,-1
176,33,235.85,401.92,52.16,64.11,0.83,21,-1
177,40,456.67,141.54,39.02,34.28,0.84,3,-1
177,31,426.43,319.84,61.75,48.79,0.88,6,-1
177,32,386.64,296.75,44.71,47.03,0.85,15,-1
177,33,235.85,401.92,52.14,64.11,0.83,21,-1
178,40,456.85,141.21,38.86,34.03,0.84,3,-1
178,31,426.55,319.89,61.61,48.67,0.88,6,-1
178,32,386.61,296.77,44.73,46.99,0.84,15,-1
178,33,235.85,401.94,52.10,64.08,0.83,21,-1
179,40,456.83,141.14,38.67,33.78,0.84,3,-1
179,31,426.61,319.93,61.50,48.57,0.88,6,-1
179,32,386.45,296.57,44.95,47.25,0.84,15,-1
179,33,235.87,401.97,52.05,64.05,0.83,21,-1
180,40,457.22,140.96,38.48,33.57,0.84,3,-1
180,31,426.64,319.94,61.45,48.53,0.88,6,-1
180,32,386.53,296.70,44.82,47.06,0.84,15,-1
180,33,235.84,401.98,52.04,64.06,0.83,21,-1
181,40,458.04,140.98,38.00,33.14,0.85,3,-1
181,31,426.67,319.95,61.40,48.48,0.88,6,-1
181,32,386.40,296.57,44.97,47.24,0.85,15,-1
181,33,235.83,402.01,52.00,64.03,0.83,21,-1
182,40,459.40,140.98,37.95,33.03,0.85,3,-1
182,31,426.66,319.95,61.37,48.44,0.88,6,-1
182,32,386.48,296.72,44.81,47.03,0.84,15,-1
182,33,235.84,402.01,51.99,64.03,0.83,21,-1
183,40,462.42,140.11,38.71,33.59,0.85,3,-1
183,31,426.62,319.96,61.37,48.41,0.88,6,-1
183,32,386.54,296.80,44.71,46.87,0.85,15,-1
183,33,235.85,402.02,51.97,64.04,0.83,21,-1
184,40,464.60,138.79,39.57,34.33,0.85,3,-1
184,31,426.59,319.95,61.40,48.43,0.88,6,-1
184,32,386.55,296.83,44.75,46.86,0.85,15,-1
184,33,235.85,402.01,51.97,64.06,0.83,21,-1
185,40,465.82,137.02,41.12,35.90,0.85,3,-1
185,31,426.58,319.93,61.39,48.40,0.88,6,-1
185,32,386.52,296.84,44.85,46.92,0.85,15,-1
185,33,235.82,401.99,51.99,64.11,0.83,21,-1
186,40,467.58,134.46,43.23,38.17,0.85,3,-1
186,31,426.57,319.94,61.40,48.40,0.88,6,-1
186,32,386.49,296.83,44.96,47.00,0.85,15,-1
186,33,235.82,402.00,51.99,64.12,0.83,21,-1
187,40,469.05,132.13,44.29,39.60,0.86,3,-1
187,31,426.57,319.97,61.37,48.36,0.88,6,-1
187,32,386.47,296.83,44.96,46.96,0.85,15,-1
187,33,235.84,402.01,51.96,64.11,0.83,21,-1
188,40,473.65,130.51,43.72,39.55,0.86,3,-1
188,31,426.65,320.03,61.20,48.21,0.88,6,-1
188,32,386.37,296.66,45.07,47.12,0.85,15,-1
188,33,235.85,402.02,51.93,64.10,0.83,21,-1
189,40,476.04,128.48,44.96,41.33,0.86,3,-1
189,31,426.66,320.04,61.20,48.20,0.88,6,-1
189,32,386.40,296.61,45.05,47.13,0.85,15,-1
189,33,235.86,402.02,51.91,64.08,0.83,21,-1
190,40,478.10,126.13,45.48,42.49,0.86,3,-1
190,31,426.66,320.06,61.22,48.20,0.88,6,-1
190,32,386.43,296.62,45.06,47.17,0.85,15,-1
190,33,235.86,402.03,51.88,64.06,0.83,21,-1
191,40,480.33,125.63,45.09,42.62,0.86,3,-1
191,31,426.63,320.06,61.26,48.21,0.88,6,-1
191,32,386.42,296.58,45.13,47.27,0.85,15,-1
191,33,235.85,402.02,51.89,64.08,0.83,21,-1
192,40,482.47,125.57,44.30,42.26,0.86,3,-1
192,31,426.61,320.06,61.34,48.25,0.88,6,-1
192,32,386.45,296.55,45.11,47.27,0.85,15,-1
192,33,235.88,402.01,51.85,64.05,0.83,21,-1
193,40,484.42,124.52,44.09,42.60,0.87,3,-1
193,31,426.59,320.04,61.39,48.28,0.88,6,-1
193,32,386.42,296.49,45.18,47.36,0.85,15,-1
193,33,235.89,401.94,51.92,64.14,0.83,21,-1
194,40,486.03,124.75,42.69,41.66,0.87,3,-1
194,31,426.54,320.03,61.47,48.34,0.88,6,-1
194,32,386.40,296.48,45.20,47.39,0.85,15,-1
194,33,235.88,401.91,51.96,64.19,0.83,21,-1
195,40,487.80,126.30,40.29,39.56,0.86,3,-1
195,31,426.51,320.03,61.52,48.37,0.88,6,-1
195,32,386.41,296.48,45.21,47.40,0.85,15,-1
195,33,235.85,401.88,52.03,64.28,0.83,21,-1
196,40,489.62,128.26,38.07,37.53,0.86,3,-1
196,31,426.49,320.03,61.52,48.36,0.88,6,-1
196,32,386.42,296.50,45.18,47.38,0.85,15,-1
196,33,235.83,401.87,52.05,64.31,0.83,21,-1
197,40,491.37,131.27,35.16,34.57,0.85,3,-1
197,31,426.48,320.02,61.53,48.36,0.88,6,-1
197,32,386.41,296.48,45.22,47.41,0.85,15,-1
197,33,235.82,401.85,52.10,64.37,0.83,21,-1
198,40,493.08,135.47,31.91,31.07,0.86,3,-1
198,31,426.50,320.04,61.49,48.33,0.88,6,-1
198,32,386.39,296.45,45.24,47.43,0.85,15,-1
198,33,235.80,401.82,52.16,64.45,0.83,21,-1
199,40,493.80,139.33,28.97,27.65,0.86,3,-1
199,31,426.47,320.04,61.48,48.32,0.88,6,-1
199,32,386.39,296.40,45.25,47.45,0.85,15,-1
199,33,235.78,401.80,52.22,64.51,0.83,21,-1
200,40,494.34,142.02,26.88,25.09,0.85,3,-1
200,31,426.70,320.36,60.95,47.72,0.88,6,-1
200,32,386.28,296.59,45.26,47.40,0.85,15,-1
200,33,235.61,403.17,51.10,63.07,0.84,21,-1
201,40,492.84,145.13,25.32,23.10,0.80,3,-1
201,31,426.75,320.47,60.83,47.47,0.88,6,-1
201,32,386.23,296.66,45.27,47.36,0.85,15,-1
201,33,235.63,403.56,50.82,62.67,0.84,21,-1
202,40,490.84,147.70,23.03,20.86,0.39,3,-1
202,31,426.77,320.52,60.85,47.35,0.88,6,-1
202,32,386.23,296.68,45.28,47.32,0.85,15,-1
202,33,235.36,403.09,51.48,63.46,0.84,21,-1
203,40,487.38,151.61,19.88,18.33,0.03,3,-1
203,31,426.66,320.52,61.10,47.44,0.88,6,-1
203,32,386.20,296.63,45.36,47.37,0.85,15,-1
203,33,235.27,402.86,51.78,63.82,0.84,21,-1
204,31,426.58,320.55,61.29,47.49,0.88,6,-1
204,32,386.18,296.61,45.40,47.37,0.85,15,-1
204,33,235.49,403.35,51.24,63.10,0.84,21,-1
205,31,426.51,320.56,61.34,47.44,0.88,6,-1
205,32,386.17,296.59,45.41,47.36,0.85,15,-1
205,33,235.60,403.57,51.03,62.78,0.84,21,-1
206,31,426.43,320.57,61.49,47.48,0.88,6,-1
206,32,386.11,296.56,45.45,47.38,0.85,15,-1
206,33,235.56,403.63,51.00,62.68,0.84,21,-1
207,31,426.32,320.59,61.64,47.51,0.88,6,-1
207,32,386.07,296.54,45.51,47.42,0.85,15,-1
207,33,235.56,403.64,51.02,62.65,0.84,21,-1
208,31,426.23,320.59,61.78,47.54,0.88,6,-1
208,32,386.05,296.54,45.53,47.42,0.85,15,-1
208,33,235.51,403.60,51.07,62.66,0.84,21,-1
209,31,426.13,320.60,61.92,47.57,0.88,6,-1
209,32,386.06,296.58,45.45,47.33,0.85,15,-1
209,33,235.53,403.59,51.05,62.60,0.84,21,-1
210,31,426.05,320.57,62.08,47.64,0.88,6,-1
210,32,386.07,296.61,45.42,47.28,0.85,15,-1
210,33,235.56,403.62,51.01,62.51,0.84,21,-1
211,31,426.00,320.53,62.20,47.68,0.88,6,-1
211,32,386.06,296.59,45.40,47.25,0.84,15,-1
211,33,235.28,402.92,51.86,63.57,0.84,21,-1
212,31,425.98,320.52,62.25,47.67,0.88,6,-1
212,32,386.12,296.58,45.34,47.16,0.84,15,-1
212,33,235.19,402.68,52.15,63.94,0.84,21,-1
213,31,425.95,320.51,62.30,47.68,0.88,6,-1
213,32,386.12,296.55,45.35,47.14,0.84,15,-1
213,33,235.15,402.59,52.25,64.07,0.84,21,-1
214,31,425.90,320.46,62.46,47.79,0.88,6,-1
214,32,386.08,296.53,45.39,47.16,0.84,15,-1
214,33,235.12,402.55,52.31,64.15,0.84,21,-1
215,31,425.86,320.43,62.57,47.85,0.88,6,-1
215,32,386.05,296.50,45.44,47.19,0.84,15,-1
215,33,235.12,402.53,52.33,64.20,0.84,21,-1
216,31,425.81,320.42,62.66,47.91,0.88,6,-1
216,32,386.02,296.49,45.48,47.23,0.84,15,-1
216,33,235.18,402.51,52.33,64.21,0.84,21,-1
217,31,425.83,320.44,62.59,47.84,0.88,6,-1
217,32,386.05,296.52,45.48,47.21,0.84,15,-1
217,33,235.26,402.54,52.23,64.10,0.84,21,-1
218,31,425.85,320.45,62.57,47.81,0.88,6,-1
218,32,386.08,296.56,45.44,47.15,0.84,15,-1
218,33,235.30,402.53,52.19,64.07,0.84,21,-1
219,31,425.84,320.43,62.62,47.83,0.88,6,-1
219,32,386.08,296.59,45.46,47.14,0.84,15,-1
219,33,235.43,402.52,52.12,64.00,0.84,21,-1
220,31,425.84,320.42,62.63,47.83,0.88,6,-1
220,32,386.09,296.58,45.43,47.09,0.84,15,-1
220,33,235.48,402.51,52.09,63.98,0.84,21,-1
221,31,425.81,320.40,62.67,47.84,0.88,6,-1
221,32,386.05,296.57,45.50,47.15,0.84,15,-1
221,33,235.55,402.46,52.09,64.01,0.84,21,-1
222,31,425.74,320.38,62.72,47.86,0.88,6,-1
222,32,386.06,296.57,45.49,47.12,0.84,15,-1
222,33,235.58,402.45,52.08,64.01,0.84,21,-1
223,31,425.70,320.35,62.78,47.90,0.88,6,-1
223,32,386.03,296.55,45.51,47.13,0.84,15,-1
223,33,235.62,402.44,52.03,63.96,0.84,21,-1
224,31,425.70,320.32,62.80,47.91,0.88,6,-1
224,32,386.02,296.53,45.52,47.13,0.84,15,-1
224,33,235.62,402.41,52.03,63.96,0.84,21,-1
225,31,425.69,320.30,62.79,47.89,0.88,6,-1
225,32,386.00,296.60,45.52,47.12,0.84,15,-1
225,33,235.63,402.41,52.01,63.94,0.84,21,-1
226,31,425.70,320.31,62.72,47.82,0.88,6,-1
226,32,385.93,296.61,45.59,47.19,0.84,15,-1
226,33,235.66,402.42,51.97,63.88,0.84,21,-1
227,31,425.71,320.31,62.69,47.79,0.88,6,-1
227,32,385.87,296.61,45.63,47.23,0.84,15,-1
227,33,235.67,402.43,51.97,63.86,0.84,21,-1
228,31,425.70,320.31,62.72,47.81,0.88,6,-1
228,32,385.85,296.62,45.65,47.26,0.84,15,-1
228,33,235.67,402.43,51.97,63.86,0.84,21,-1
229,31,425.69,320.32,62.72,47.80,0.88,6,-1
229,32,385.88,296.62,45.67,47.27,0.84,15,-1
229,33,235.65,402.44,51.97,63.85,0.84,21,-1
230,31,425.74,320.33,62.64,47.72,0.88,6,-1
230,32,385.88,296.62,45.66,47.26,0.84,15,-1
230,33,235.64,402.45,51.97,63.85,0.84,21,-1
231,31,425.66,320.31,62.77,47.80,0.88,6,-1
231,32,385.91,296.63,45.64,47.23,0.84,15,-1
231,33,235.64,402.45,51.98,63.84,0.84,21,-1
232,31,425.63,320.34,62.81,47.82,0.88,6,-1
232,32,385.92,296.66,45.61,47.21,0.84,15,-1
232,33,235.63,402.44,52.00,63.86,0.84,21,-1
233,31,425.63,320.35,62.82,47.82,0.88,6,-1
233,32,385.95,296.67,45.58,47.17,0.84,15,-1
233,33,235.62,402.43,52.01,63.87,0.84,21,-1
234,31,425.62,320.36,62.83,47.82,0.88,6,-1
234,32,385.95,296.65,45.58,47.17,0.84,15,-1
234,33,235.62,402.45,52.00,63.85,0.84,21,-1
235,31,425.65,320.38,62.80,47.79,0.88,6,-1
235,32,385.96,296.65,45.57,47.16,0.84,15,-1
235,33,235.61,402.45,52.00,63.84,0.84,21,-1
236,31,425.66,320.38,62.80,47.78,0.88,6,-1
236,32,385.97,296.64,45.56,47.16,0.84,15,-1
236,33,235.61,402.45,52.01,63.83,0.84,21,-1
237,31,425.66,320.36,62.81,47.77,0.88,6,-1
237,32,385.96,296.64,45.56,47.16,0.84,15,-1
237,33,235.61,402.47,52.00,63.82,0.84,21,-1
238,31,425.70,320.41,62.72,47.69,0.88,6,-1
238,32,385.98,296.67,45.51,47.11,0.84,15,-1
238,33,235.64,402.51,51.94,63.74,0.84,21,-1
239,31,425.73,320.42,62.70,47.66,0.88,6,-1
239,32,386.00,296.69,45.48,47.08,0.84,15,-1
239,33,235.66,402.54,51.90,63.69,0.84,21,-1
240,31,425.72,320.41,62.74,47.68,0.88,6,-1
240,32,386.01,296.70,45.46,47.06,0.84,15,-1
240,33,235.65,402.54,51.91,63.69,0.84,21,-1
241,31,425.71,320.41,62.76,47.68,0.88,6,-1
241,32,386.01,296.69,45.46,47.06,0.84,15,-1
241,33,235.64,402.55,51.92,63.70,0.84,21,-1
242,40,476.64,156.55,21.76,19.40,0.05,3,-1
242,31,425.71,320.43,62.71,47.64,0.88,6,-1
242,32,386.02,296.71,45.43,47.04,0.84,15,-1
242,33,235.64,402.54,51.93,63.71,0.84,21,-1
243,40,474.95,156.36,24.07,20.69,0.33,3,-1
243,31,425.73,320.46,62.65,47.57,0.88,6,-1
243,32,386.02,296.71,45.41,47.01,0.84,15,-1
243,33,235.66,402.57,51.89,63.66,0.84,21,-1
244,40,473.92,156.30,25.44,21.29,0.45,3,-1
244,31,425.71,320.47,62.67,47.57,0.88,6,-1
244,32,386.00,296.71,45.42,47.02,0.84,15,-1
244,33,235.67,402.57,51.88,63.63,0.84,21,-1
245,40,473.43,156.24,26.30,21.45,0.48,3,-1
245,31,425.73,320.50,62.61,47.51,0.88,6,-1
245,32,386.00,296.72,45.41,47.00,0.84,15,-1
245,33,235.66,402.57,51.88,63.63,0.84,21,-1
246,40,473.24,156.76,26.41,20.87,0.50,3,-1
246,31,425.74,320.52,62.62,47.49,0.88,6,-1
246,32,386.00,296.73,45.40,46.99,0.84,15,-1
246,33,235.66,402.57,51.89,63.64,0.84,21,-1
247,40,472.79,157.21,26.46,20.48,0.67,3,-1
247,31,425.74,320.53,62.59,47.46,0.88,6,-1
247,32,386.00,296.73,45.40,46.99,0.84,15,-1
247,33,235.65,402.55,51.92,63.67,0.84,21,-1
248,40,471.71,157.63,26.47,20.19,0.68,3,-1
248,31,425.75,320.52,62.61,47.46,0.88,6,-1
248,32,386.00,296.73,45.40,46.99,0.84,15,-1
248,33,235.63,402.53,51.96,63.70,0.84,21,-1
249,40,471.10,157.93,26.11,19.68,0.57,3,-1
249,31,425.74,320.52,62.61,47.44,0.88,6,-1
249,32,386.01,296.73,45.39,46.97,0.84,15,-1
249,33,235.63,402.55,51.94,63.67,0.84,21,-1
250,40,471.17,158.26,25.96,19.32,0.78,3,-1
250,31,424.83,320.18,63.71,48.37,0.88,6,-1
250,32,385.65,296.41,45.44,47.09,0.84,15,-1
250,33,235.82,403.23,51.04,62.54,0.84,21,-1
251,40,470.66,158.06,26.84,19.84,0.76,3,-1
251,31,424.49,320.03,64.15,48.81,0.88,6,-1
251,32,385.53,296.28,45.43,47.15,0.84,15,-1
251,33,235.84,403.46,50.80,62.21,0.84,21,-1
252,40,470.24,158.08,27.38,20.10,0.75,3,-1
252,31,424.41,319.97,64.25,48.97,0.88,6,-1
252,32,385.50,296.23,45.40,47.17,0.84,15,-1
252,33,235.84,403.53,50.73,62.10,0.84,21,-1
253,40,469.98,158.80,27.05,19.67,0.75,3,-1
253,31,424.42,319.94,64.23,49.05,0.88,6,-1
253,32,385.50,296.20,45.37,47.19,0.84,15,-1
253,33,235.83,403.55,50.73,62.07,0.84,21,-1
254,40,469.70,159.36,27.35,19.71,0.75,3,-1
254,31,424.47,319.94,64.13,49.05,0.88,6,-1
254,32,385.52,296.20,45.32,47.19,0.84,15,-1
254,33,235.84,403.60,50.73,62.04,0.84,21,-1
255,40,469.39,159.62,28.03,20.07,0.73,3,-1
255,31,424.49,319.93,64.08,49.08,0.88,6,-1
255,32,385.54,296.20,45.28,47.20,0.84,15,-1
255,33,235.83,403.61,50.74,62.04,0.84,21,-1
256,40,469.19,159.77,28.50,20.34,0.71,3,-1
256,31,424.54,319.95,63.97,49.06,0.88,6,-1
256,32,385.56,296.21,45.24,47.19,0.84,15,-1
256,33,235.82,403.62,50.76,62.04,0.84,21,-1
257,40,468.99,159.93,28.63,20.34,0.66,3,-1
257,31,424.58,319.95,63.90,49.07,0.88,6,-1
257,32,385.57,296.21,45.22,47.21,0.84,15,-1
257,33,235.82,403.61,50.78,62.05,0.84,21,-1
258,40,468.91,159.94,28.66,20.30,0.65,3,-1
258,31,424.64,319.94,63.79,49.04,0.88,6,-1
258,32,385.59,296.20,45.18,47.20,0.84,15,-1
258,33,235.80,403.61,50.81,62.06,0.84,21,-1
259,40,469.24,159.71,28.72,20.29,0.76,3,-1
259,31,424.67,319.95,63.71,49.01,0.88,6,-1
259,32,385.60,296.21,45.15,47.20,0.84,15,-1
259,33,235.80,403.60,50.82,62.07,0.84,21,-1
260,40,470.50,159.74,27.78,19.38,0.78,3,-1
260,31,424.69,319.94,63.66,49.02,0.88,6,-1
260,32,385.61,296.21,45.14,47.21,0.84,15,-1
260,33,235.78,403.59,50.88,62.13,0.84,21,-1
261,40,470.26,158.30,29.73,20.75,0.80,3,-1
261,31,424.71,319.94,63.63,49.02,0.88,6,-1
261,32,385.63,296.22,45.11,47.20,0.84,15,-1
261,33,235.78,403.59,50.90,62.15,0.84,21,-1
262,40,470.25,156.86,31.21,21.78,0.84,3,-1
262,31,424.69,319.93,63.62,49.05,0.88,6,-1
262,32,385.65,296.21,45.09,47.20,0.84,15,-1
262,33,235.78,403.59,50.91,62.16,0.84,21,-1
263,40,471.05,154.81,32.64,22.89,0.82,3,-1
263,31,424.68,319.93,63.60,49.06,0.88,6,-1
263,32,385.70,296.21,45.18,47.18,0.84,15,-1
263,33,235.77,403.58,50.92,62.17,0.84,21,-1
264,40,471.69,153.47,33.66,23.90,0.82,3,-1
264,31,424.67,319.92,63.60,49.08,0.88,6,-1
264,32,385.69,296.20,45.28,47.19,0.84,15,-1
264,33,235.76,403.58,50.92,62.17,0.84,21,-1
265,40,472.31,152.19,35.06,25.11,0.82,3,-1
265,31,424.70,319.92,63.58,49.09,0.88,6,-1
265,32,385.67,296.21,45.37,47.19,0.84,15,-1
265,33,235.77,403.58,50.91,62.15,0.84,21,-1
266,40,472.97,151.07,35.80,25.84,0.82,3,-1
266,31,424.71,319.91,63.58,49.12,0.88,6,-1
266,32,385.59,296.23,45.34,47.20,0.84,15,-1
266,33,235.76,403.58,50.92,62.16,0.84,21,-1
267,40,473.30,150.11,36.52,26.62,0.84,3,-1
267,31,424.70,319.88,63.61,49.16,0.88,6,-1
267,32,385.63,296.22,45.41,47.19,0.84,15,-1
267,33,235.75,403.58,50.93,62.17,0.84,21,-1
268,40,474.18,148.78,37.13,27.27,0.85,3,-1
268,31,424.66,319.86,63.64,49.21,0.88,6,-1
268,32,385.60,296.19,45.53,47.23,0.84,15,-1
268,33,235.73,403.56,50.96,62.20,0.84,21,-1
269,40,474.64,147.61,38.21,28.36,0.85,3,-1
269,31,424.64,319.85,63.64,49.22,0.88,6,-1
269,32,385.57,296.21,45.59,47.22,0.84,15,-1
269,33,235.74,403.56,50.96,62.19,0.84,21,-1
270,40,475.09,146.75,38.60,28.99,0.85,3,-1
270,31,424.65,319.85,63.63,49.24,0.88,6,-1
270,32,385.54,296.21,45.66,47.22,0.84,15,-1
270,33,235.73,403.55,50.97,62.20,0.84,21,-1
271,40,475.80,145.91,38.77,29.40,0.85,3,-1
271,31,424.67,319.86,63.58,49.22,0.88,6,-1
271,32,385.52,296.24,45.70,47.21,0.84,15,-1
271,33,235.73,403.55,50.97,62.20,0.84,21,-1
272,40,476.93,145.07,37.98,29.04,0.85,3,-1
272,31,424.73,319.89,63.51,49.17,0.88,6,-1
272,32,385.51,296.27,45.74,47.19,0.84,15,-1
272,33,235.73,403.55,50.98,62.20,0.84,21,-1
273,40,479.13,143.08,39.14,30.15,0.84,3,-1
273,31,424.79,319.91,63.40,49.10,0.88,6,-1
273,32,385.52,296.30,45.72,47.13,0.84,15,-1
273,33,235.75,403.61,50.94,62.15,0.84,21,-1
274,40,481.36,142.05,38.87,30.09,0.85,3,-1
274,31,424.82,319.93,63.34,49.07,0.88,6,-1
274,32,385.52,296.34,45.71,47.07,0.84,15,-1
274,33,235.76,403.64,50.92,62.11,0.84,21,-1
275,40,483.30,141.23,38.91,30.30,0.86,3,-1
275,31,424.86,319.95,63.25,49.00,0.88,6,-1
275,32,385.52,296.36,45.71,47.02,0.84,15,-1
275,33,235.76,403.66,50.91,62.08,0.84,21,-1
276,40,483.56,139.10,41.45,32.85,0.85,3,-1
276,31,424.89,319.96,63.22,48.99,0.88,6,-1
276,32,385.50,296.35,45.75,47.03,0.84,15,-1
276,33,235.76,403.66,50.92,62.09,0.84,21,-1
277,40,485.26,137.42,42.32,34.04,0.85,3,-1
277,31,424.94,319.96,63.16,48.94,0.88,6,-1
277,32,385.40,296.39,45.65,47.02,0.84,15,-1
277,33,235.77,403.67,50.92,62.08,0.84,21,-1
278,40,487.34,136.14,42.15,34.46,0.86,3,-1
278,31,424.94,319.96,63.12,48.91,0.88,6,-1
278,32,385.37,296.42,45.60,47.06,0.84,15,-1
278,33,235.78,403.72,50.86,61.99,0.84,21,-1
279,40,488.75,135.35,41.23,34.23,0.86,3,-1
279,31,424.96,319.93,63.14,48.93,0.88,6,-1
279,32,385.39,296.41,45.56,47.09,0.84,15,-1
279,33,235.76,403.72,50.87,61.98,0.84,21,-1
280,40,490.24,134.76,40.69,34.20,0.87,3,-1
280,31,424.98,319.93,63.14,48.94,0.88,6,-1
280,32,385.41,296.40,45.51,47.11,0.84,15,-1
280,33,235.73,403.71,50.91,62.02,0.84,21,-1
281,40,491.79,134.24,40.06,34.10,0.87,3,-1
281,31,424.97,319.94,63.13,48.93,0.88,6,-1
281,32,385.44,296.40,45.45,47.10,0.84,15,-1
281,33,235.71,403.71,50.92,62.02,0.84,21,-1
282,40,492.63,133.52,40.43,34.87,0.86,3,-1
282,31,424.99,319.94,63.09,48.90,0.88,6,-1
282,32,385.48,296.39,45.39,47.09,0.84,15,-1
282,33,235.69,403.68,50.97,62.08,0.84,21,-1
283,40,494.00,133.06,40.19,35.08,0.86,3,-1
283,31,424.99,319.93,63.08,48.89,0.88,6,-1
283,32,385.50,296.38,45.34,47.09,0.84,15,-1
283,33,235.68,403.66,50.99,62.10,0.84,21,-1
284,40,495.01,132.84,39.87,35.15,0.86,3,-1
284,31,424.98,319.92,63.10,48.91,0.88,6,-1
284,32,385.50,296.37,45.34,47.14,0.84,15,-1
284,33,235.67,403.65,51.02,62.13,0.84,21,-1
285,40,495.82,132.86,39.28,34.97,0.84,3,-1
285,31,424.96,319.90,63.13,48.93,0.88,6,-1
285,32,385.55,296.33,45.46,47.17,0.84,15,-1
285,33,235.65,403.64,51.06,62.16,0.84,21,-1
286,40,496.92,132.66,38.85,34.85,0.84,3,-1
286,31,424.97,319.88,63.14,48.93,0.88,6,-1
286,32,385.50,296.31,45.46,47.22,0.84,15,-1
286,33,235.63,403.64,51.08,62.17,0.84,21,-1
287,40,497.73,132.87,38.16,34.44,0.84,3,-1
287,31,424.95,319.87,63.18,48.96,0.88,6,-1
287,32,385.51,296.28,45.45,47.26,0.84,15,-1
287,33,235.62,403.64,51.09,62.17,0.84,21,-1
288,40,499.19,133.77,36.66,33.12,0.82,3,-1
288,31,424.92,319.87,63.22,48.99,0.88,6,-1
288,32,385.53,296.27,45.41,47.26,0.84,15,-1
288,33,235.64,403.64,51.06,62.14,0.84,21,-1
289,40,500.29,133.82,36.18,32.64,0.84,3,-1
289,31,424.92,319.87,63.22,48.99,0.88,6,-1
289,32,385.54,296.24,45.36,47.25,0.84,15,-1
289,33,235.66,403.68,51.01,62.10,0.84,21,-1
290,40,500.87,133.91,36.00,32.51,0.84,3,-1
290,31,424.87,319.86,63.29,49.05,0.88,6,-1
290,32,385.56,296.22,45.29,47.23,0.84,15,-1
290,33,235.69,403.73,50.96,62.05,0.84,21,-1
291,40,501.28,133.22,36.18,32.81,0.84,3,-1
291,31,424.84,319.85,63.30,49.06,0.88,6,-1
291,32,385.58,296.21,45.26,47.24,0.84,15,-1
291,33,235.69,403.76,50.91,62.00,0.84,21,-1
292,40,502.40,132.95,35.05,31.87,0.85,3,-1
292,31,424.89,319.85,63.25,49.03,0.88,6,-1
292,32,385.60,296.21,45.22,47.23,0.84,15,-1
292,33,235.69,403.74,50.91,62.00,0.84,21,-1
293,40,503.39,131.56,35.45,32.60,0.81,3,-1
293,31,424.89,319.84,63.23,49.02,0.88,6,-1
293,32,385.59,296.18,45.20,47.23,0.84,15,-1
293,33,235.70,403.73,50.90,62.00,0.84,21,-1
294,40,504.67,130.08,35.92,33.36,0.82,3,-1
294,31,424.89,319.84,63.22,49.01,0.88,6,-1
294,32,385.57,296.15,45.21,47.26,0.84,15,-1
294,33,235.46,403.12,51.68,63.01,0.84,21,-1
295,40,505.54,129.12,36.00,33.78,0.81,3,-1
295,31,424.89,319.83,63.25,49.03,0.88,6,-1
295,32,385.55,296.14,45.22,47.29,0.84,15,-1
295,33,235.71,403.55,51.13,62.32,0.84,21,-1
296,40,506.36,128.57,35.94,34.09,0.64,3,-1
296,31,424.91,319.83,63.19,48.98,0.88,6,-1
296,32,385.57,296.15,45.20,47.28,0.84,15,-1
296,33,235.83,403.72,50.94,62.06,0.84,21,-1
297,40,506.35,127.77,36.15,34.72,0.14,3,-1
297,31,424.94,319.83,63.14,48.93,0.88,6,-1
297,32,385.57,296.15,45.19,47.29,0.84,15,-1
297,33,235.85,403.78,50.92,62.00,0.84,21,-1
298,40,506.42,124.78,37.63,36.48,0.34,3,-1
298,31,424.85,319.79,63.18,48.96,0.88,6,-1
298,32,385.55,296.13,45.20,47.32,0.84,15,-1
298,33,235.76,403.86,51.36,62.59,0.84,21,-1
299,40,506.87,125.23,34.70,34.28,0.01,3,-1
299,31,424.80,319.77,63.17,48.96,0.88,6,-1
299,32,385.51,296.11,45.27,47.41,0.84,15,-1
299,33,235.71,403.87,51.52,62.82,0.84,21,-1
300,40,508.19,124.54,34.42,34.35,0.31,3,-1
300,31,425.18,320.17,62.94,48.71,0.87,6,-1
300,32,385.64,296.20,45.16,47.40,0.84,15,-1
300,33,234.83,403.24,51.74,62.93,0.83,21,-1
301,40,509.69,124.85,32.57,32.79,0.50,3,-1
301,31,425.33,320.34,62.86,48.57,0.87,6,-1
301,32,385.73,296.25,45.04,47.37,0.84,15,-1
301,33,234.48,403.02,51.86,62.94,0.83,21,-1
302,40,510.78,125.23,31.08,31.40,0.21,3,-1
302,31,425.35,320.39,62.93,48.57,0.87,6,-1
302,32,385.78,296.27,44.95,47.37,0.84,15,-1
302,33,234.33,402.95,51.96,62.92,0.83,21,-1
303,40,513.04,125.37,29.98,30.61,0.67,3,-1
303,31,425.34,320.40,62.99,48.56,0.87,6,-1
303,32,385.82,296.27,44.88,47.38,0.84,15,-1
303,33,234.27,402.92,52.07,62.93,0.83,21,-1
304,40,515.44,124.60,29.02,29.91,0.73,3,-1
304,31,425.30,320.39,63.09,48.58,0.87,6,-1
304,32,385.86,296.26,44.82,47.39,0.84,15,-1
304,33,234.30,402.91,52.15,62.90,0.83,21,-1
305,40,517.23,123.60,28.38,29.49,0.36,3,-1
305,31,425.25,320.37,63.25,48.66,0.87,6,-1
305,32,385.88,296.24,44.77,47.40,0.84,15,-1
305,33,234.30,403.09,52.10,62.72,0.83,21,-1
306,40,517.91,123.82,27.27,28.59,0.38,3,-1
306,31,425.20,320.37,63.34,48.69,0.87,6,-1
306,32,385.90,296.23,44.73,47.42,0.84,15,-1
306,33,234.23,403.09,52.21,62.75,0.83,21,-1
307,40,518.52,122.84,27.46,29.10,0.12,3,-1
307,31,425.16,320.35,63.40,48.70,0.87,6,-1
307,32,385.91,296.21,44.70,47.45,0.84,15,-1
307,33,234.18,403.06,52.33,62.80,0.83,21,-1
308,40,519.12,120.61,27.77,29.80,0.16,3,-1
308,31,425.09,320.33,63.52,48.76,0.87,6,-1
308,32,385.92,296.20,44.68,47.48,0.84,15,-1
308,33,234.20,403.11,52.34,62.72,0.83,21,-1
309,40,519.40,114.83,31.11,33.85,0.03,3,-1
309,31,425.04,320.30,63.60,48.79,0.87,6,-1
309,32,385.93,296.21,44.62,47.46,0.84,15,-1
309,33,234.18,403.09,52.44,62.77,0.83,21,-1
310,40,519.48,110.24,33.75,37.47,0.14,3,-1
310,31,425.00,320.29,63.70,48.84,0.87,6,-1
310,32,385.95,296.20,44.58,47.46,0.84,15,-1
310,33,234.18,403.10,52.50,62.77,0.83,21,-1
311,40,521.50,114.41,29.61,33.08,0.29,3,-1
311,31,424.99,320.29,63.72,48.83,0.87,6,-1
311,32,385.98,296.20,44.53,47.44,0.84,15,-1
311,33,234.16,403.13,52.52,62.73,0.83,21,-1
312,40,521.44,113.22,29.98,33.70,0.27,3,-1
312,31,424.97,320.29,63.76,48.84,0.87,6,-1
312,32,385.99,296.20,44.50,47.44,0.84,15,-1
312,33,234.15,403.19,52.50,62.66,0.83,21,-1
313,40,522.30,113.47,29.18,33.04,0.56,3,-1
313,31,424.92,320.28,63.85,48.88,0.87,6,-1
313,32,385.99,296.20,44.49,47.46,0.84,15,-1
313,33,234.13,403.26,52.50,62.59,0.83,21,-1
314,40,521.20,109.82,32.05,36.70,0.75,3,-1
314,31,424.87,320.29,63.91,48.91,0.87,6,-1
314,32,386.02,296.21,44.46,47.45,0.84,15,-1
314,33,234.12,403.28,52.51,62.55,0.83,21,-1
315,40,520.54,104.67,35.66,41.37,0.72,3,-1
315,31,424.87,320.31,63.91,48.90,0.87,6,-1
315,32,386.07,296.21,44.44,47.45,0.84,15,-1
315,33,234.13,403.35,52.49,62.49,0.83,21,-1
316,40,519.92,101.63,37.83,44.36,0.81,3,-1
316,31,424.85,320.31,63.95,48.91,0.87,6,-1
316,32,386.08,296.21,44.43,47.45,0.84,15,-1
316,33,234.10,403.35,52.54,62.49,0.83,21,-1
317,40,519.66,99.60,39.48,46.77,0.81,3,-1
317,31,424.81,320.30,64.02,48.95,0.87,6,-1
317,32,386.09,296.19,44.44,47.47,0.84,15,-1
317,33,234.09,403.37,52.57,62.49,0.83,21,-1
318,40,519.48,97.39,41.17,49.49,0.83,3,-1
318,31,424.80,320.30,64.06,48.97,0.87,6,-1
318,32,386.10,296.20,44.41,47.47,0.84,15,-1
318,33,234.08,403.48,52.53,62.40,0.83,21,-1
319,40,518.78,95.96,42.23,51.56,0.82,3,-1
319,31,424.80,320.31,64.05,48.96,0.87,6,-1
319,32,386.11,296.21,44.39,47.46,0.84,15,-1
319,33,234.10,403.55,52.53,62.37,0.83,21,-1
320,40,518.58,95.48,42.96,53.19,0.81,3,-1
320,31,424.73,320.29,64.18,49.06,0.87,6,-1
320,32,386.10,296.19,44.41,47.49,0.84,15,-1
320,33,234.09,403.52,52.60,62.42,0.83,21,-1
321,40,518.82,98.82,41.21,51.48,0.84,3,-1
321,31,424.71,320.28,64.24,49.10,0.87,6,-1
321,32,386.09,296.19,44.40,47.49,0.84,15,-1
321,33,234.11,403.46,52.65,62.47,0.83,21,-1
322,40,519.08,101.28,39.65,49.90,0.83,3,-1
322,31,424.69,320.28,64.24,49.10,0.87,6,-1
322,32,386.08,296.18,44.42,47.51,0.84,15,-1
322,33,234.13,403.47,52.65,62.45,0.83,21,-1
323,40,517.51,101.74,39.29,49.69,0.84,3,-1
323,31,424.66,320.26,64.28,49.13,0.87,6,-1
323,32,386.08,296.16,44.43,47.53,0.84,15,-1
323,33,234.19,403.45,52.62,62.41,0.83,21,-1
324,40,516.14,101.46,39.90,50.62,0.85,3,-1
324,31,424.73,320.38,63.80,48.71,0.87,6,-1
324,32,386.08,296.17,44.41,47.51,0.84,15,-1
324,33,234.19,403.44,52.64,62.42,0.83,21,-1
325,40,514.75,101.48,40.33,51.41,0.84,3,-1
325,31,424.71,320.32,64.06,48.91,0.87,6,-1
325,32,386.09,296.17,44.39,47.50,0.84,15,-1
325,33,234.17,403.39,52.71,62.50,0.83,21,-1
326,40,513.16,101.43,40.81,52.29,0.83,3,-1
326,31,424.69,320.29,64.17,49.01,0.87,6,-1
326,32,386.09,296.16,44.41,47.52,0.84,15,-1
326,33,234.14,403.26,52.84,62.66,0.83,21,-1
327,40,511.54,100.58,41.89,54.00,0.85,3,-1
327,31,424.79,320.41,63.63,48.54,0.87,6,-1
327,32,386.09,296.16,44.40,47.51,0.84,15,-1
327,33,234.13,403.22,52.88,62.70,0.83,21,-1
328,40,509.35,98.77,44.29,57.65,0.87,3,-1
328,31,424.82,320.47,63.43,48.34,0.87,6,-1
328,32,386.09,296.17,44.40,47.51,0.84,15,-1
328,33,234.09,403.12,52.97,62.83,0.83,21,-1
329,40,508.40,98.99,44.33,58.01,0.87,3,-1
329,31,424.70,320.36,63.95,48.75,0.87,6,-1
329,32,386.07,296.16,44.43,47.54,0.84,15,-1
329,33,234.04,403.06,53.02,62.91,0.83,21,-1
330,40,507.29,99.60,44.00,57.78,0.86,3,-1
330,31,424.69,320.34,64.04,48.82,0.87,6,-1
330,32,386.08,296.18,44.41,47.52,0.84,15,-1
330,33,233.98,402.98,53.08,62.98,0.83,21,-1
331,40,506.81,100.52,43.41,57.12,0.85,3,-1
331,31,424.73,320.34,64.01,48.79,0.87,6,-1
331,32,386.12,296.20,44.35,47.46,0.84,15,-1
331,33,234.03,402.98,53.00,62.93,0.83,21,-1
332,40,506.30,100.90,43.12,56.75,0.86,3,-1
332,31,424.72,320.34,64.00,48.78,0.87,6,-1
332,32,386.15,296.21,44.31,47.42,0.84,15,-1
332,33,234.05,403.03,52.90,62.86,0.83,21,-1
333,40,505.00,100.17,44.33,58.69,0.85,3,-1
333,31,424.75,320.36,63.90,48.71,0.87,6,-1
333,32,386.25,296.21,44.32,47.34,0.84,15,-1
333,33,234.14,403.07,52.77,62.75,0.83,21,-1
334,40,504.33,100.37,44.63,59.45,0.86,3,-1
334,31,424.79,320.38,63.81,48.63,0.87,6,-1
334,32,386.28,296.21,44.37,47.31,0.84,15,-1
334,33,234.14,403.07,52.71,62.73,0.83,21,-1
335,40,504.16,101.50,44.15,59.04,0.85,3,-1
335,31,424.78,320.36,63.81,48.63,0.87,6,-1
335,32,386.27,296.19,44.42,47.30,0.84,15,-1
335,33,234.20,403.15,52.61,62.64,0.83,21,-1
336,40,503.73,101.13,44.60,59.95,0.86,3,-1
336,31,424.82,320.38,63.75,48.58,0.87,6,-1
336,32,386.18,296.22,44.44,47.34,0.84,15,-1
336,33,234.19,403.17,52.59,62.65,0.83,21,-1
337,40,503.67,101.11,44.39,59.83,0.85,3,-1
337,31,424.86,320.40,63.68,48.52,0.87,6,-1
337,32,386.15,296.23,44.42,47.34,0.84,15,-1
337,33,234.29,403.02,52.60,62.69,0.84,21,-1
338,40,504.06,100.60,44.84,60.54,0.85,3,-1
338,31,424.88,320.40,63.64,48.48,0.87,6,-1
338,32,386.23,296.20,44.44,47.30,0.84,15,-1
338,33,234.29,402.91,52.66,62.81,0.84,21,-1
339,40,504.68,101.22,44.28,59.83,0.85,3,-1
339,31,424.90,320.40,63.56,48.42,0.87,6,-1
339,32,386.27,296.20,44.42,47.21,0.84,15,-1
339,33,234.34,402.95,52.57,62.72,0.84,21,-1
340,40,505.31,102.21,43.29,58.49,0.84,3,-1
340,31,424.91,320.40,63.56,48.42,0.87,6,-1
340,32,386.27,296.20,44.47,47.21,0.84,15,-1
340,33,234.37,402.84,52.59,62.78,0.84,21,-1
341,40,505.67,102.18,42.66,57.56,0.84,3,-1
341,31,424.90,320.40,63.57,48.42,0.87,6,-1
341,32,386.26,296.19,44.53,47.22,0.84,15,-1
341,33,234.46,402.86,52.48,62.69,0.84,21,-1
342,40,506.58,102.87,40.98,55.02,0.85,3,-1
342,31,424.88,320.39,63.61,48.45,0.87,6,-1
342,32,386.22,296.17,44.60,47.24,0.84,15,-1
342,33,234.43,402.76,52.55,62.80,0.84,21,-1
343,40,507.98,100.73,41.64,56.01,0.85,3,-1
343,31,424.88,320.37,63.70,48.52,0.87,6,-1
343,32,386.10,296.19,44.66,47.36,0.84,15,-1
343,33,234.32,402.68,52.63,62.90,0.84,21,-1
344,40,510.16,100.64,40.82,55.01,0.85,3,-1
344,31,424.90,320.36,63.76,48.57,0.87,6,-1
344,32,386.05,296.17,44.69,47.42,0.84,15,-1
344,33,234.20,402.64,52.73,62.98,0.84,21,-1
345,40,512.26,99.77,40.39,54.56,0.85,3,-1
345,31,424.89,320.37,63.84,48.64,0.87,6,-1
345,32,386.05,296.19,44.65,47.42,0.84,15,-1
345,33,233.93,402.79,52.81,62.99,0.84,21,-1
346,40,514.12,98.80,40.22,54.28,0.85,3,-1
346,31,424.91,320.38,63.83,48.64,0.87,6,-1
346,32,386.05,296.22,44.61,47.42,0.84,15,-1
346,33,233.89,402.86,52.80,62.90,0.84,21,-1
347,40,515.75,97.64,39.86,53.67,0.85,3,-1
347,31,425.01,320.51,63.34,48.24,0.87,6,-1
347,32,386.06,296.24,44.57,47.41,0.84,15,-1
347,33,233.84,402.90,52.76,62.74,0.84,21,-1
348,40,518.41,96.49,39.19,52.86,0.85,3,-1
348,31,425.04,320.58,63.14,48.06,0.87,6,-1
348,32,386.06,296.28,44.50,47.37,0.84,15,-1
348,33,233.84,402.93,52.83,62.73,0.84,21,-1
349,40,520.53,95.92,38.13,51.36,0.85,3,-1
349,31,425.02,320.59,63.11,48.02,0.87,6,-1
349,32,386.05,296.29,44.47,47.36,0.84,15,-1
349,33,233.82,402.63,53.04,62.91,0.84,21,-1
350,40,522.17,95.28,37.70,50.61,0.85,3,-1
350,31,425.78,320.39,63.06,48.03,0.88,6,-1
350,32,386.53,296.05,44.68,47.60,0.86,15,-1
350,33,235.37,401.56,52.99,62.65,0.84,21,-1
351,40,522.61,93.54,38.76,51.97,0.84,3,-1
351,31,426.08,320.31,63.04,48.06,0.88,6,-1
351,32,386.72,295.95,44.76,47.69,0.86,15,-1
351,33,235.83,401.19,53.15,62.66,0.84,21,-1
352,40,523.88,92.38,38.69,51.76,0.85,3,-1
352,31,426.20,320.27,63.02,48.08,0.88,6,-1
352,32,386.79,295.92,44.79,47.73,0.86,15,-1
352,33,236.22,401.25,53.00,62.32,0.84,21,-1
353,40,525.91,90.84,38.76,51.71,0.85,3,-1
353,31,426.24,320.26,63.02,48.13,0.88,6,-1
353,32,386.81,295.92,44.79,47.73,0.86,15,-1
353,33,236.18,401.15,53.15,62.32,0.84,21,-1
354,40,527.29,89.78,38.79,51.64,0.85,3,-1
354,31,426.27,320.27,62.97,48.13,0.88,6,-1
354,32,386.83,295.93,44.76,47.70,0.86,15,-1
354,33,236.13,401.00,53.33,62.35,0.84,21,-1
355,40,528.58,89.19,38.98,51.85,0.84,3,-1
355,31,426.28,320.27,62.94,48.14,0.88,6,-1
355,32,386.84,295.93,44.74,47.69,0.86,15,-1
355,33,236.16,400.94,53.33,62.21,0.84,21,-1
356,40,529.26,88.76,39.09,52.01,0.85,3,-1
356,31,426.28,320.27,62.87,48.12,0.88,6,-1
356,32,386.83,295.93,44.75,47.70,0.86,15,-1
356,33,236.11,400.95,53.40,62.14,0.84,21,-1
357,40,529.80,88.68,38.56,51.32,0.85,3,-1
357,31,426.27,320.27,62.85,48.13,0.88,6,-1
357,32,386.82,295.93,44.77,47.73,0.86,15,-1
357,33,236.04,400.91,53.44,62.09,0.85,21,-1
358,40,530.98,88.57,38.51,51.19,0.85,3,-1
358,31,426.26,320.28,62.80,48.12,0.88,6,-1
358,32,386.78,295.92,44.79,47.77,0.86,15,-1
358,33,236.15,401.13,53.19,61.73,0.84,21,-1
359,40,531.97,88.49,38.62,51.28,0.84,3,-1
359,31,426.25,320.27,62.78,48.13,0.88,6,-1
359,32,386.76,295.89,44.80,47.79,0.86,15,-1
359,33,236.77,401.41,52.65,61.07,0.84,21,-1
360,40,532.63,88.09,38.94,51.59,0.85,3,-1
360,31,426.23,320.27,62.76,48.14,0.88,6,-1
360,32,386.76,295.88,44.80,47.80,0.86,15,-1
360,33,236.39,401.61,52.77,61.14,0.84,21,-1
361,40,533.24,87.71,39.14,51.57,0.85,3,-1
361,31,426.25,320.28,62.67,48.09,0.88,6,-1
361,32,386.74,295.90,44.78,47.79,0.86,15,-1
361,33,236.15,401.67,52.84,61.16,0.84,21,-1
362,40,533.42,87.41,39.50,51.87,0.84,3,-1
362,31,426.34,320.31,62.43,47.93,0.88,6,-1
362,32,386.78,295.93,44.72,47.73,0.86,15,-1
362,33,235.78,401.60,53.09,61.39,0.84,21,-1
363,40,534.17,88.07,39.16,51.18,0.86,3,-1
363,31,426.39,320.32,62.30,47.84,0.88,6,-1
363,32,386.79,295.93,44.68,47.69,0.86,15,-1
363,33,236.09,401.84,52.88,61.14,0.85,21,-1
364,40,534.40,88.20,39.37,51.35,0.85,3,-1
364,31,425.98,320.16,62.83,48.32,0.88,6,-1
364,32,386.74,295.93,44.67,47.68,0.86,15,-1
364,33,236.30,402.00,52.64,60.84,0.84,21,-1
365,40,534.41,88.18,39.86,51.96,0.85,3,-1
365,31,425.83,320.09,63.00,48.53,0.88,6,-1
365,32,386.73,295.92,44.69,47.70,0.86,15,-1
365,33,236.42,402.18,52.50,60.66,0.84,21,-1
366,40,533.96,88.38,40.38,52.61,0.85,3,-1
366,31,425.81,320.07,63.02,48.60,0.88,6,-1
366,32,386.73,295.93,44.66,47.66,0.86,15,-1
366,33,236.33,402.17,52.54,60.68,0.84,21,-1
367,40,533.91,88.83,40.40,52.58,0.85,3,-1
367,31,425.86,320.07,62.93,48.58,0.88,6,-1
367,32,386.74,295.94,44.65,47.63,0.86,15,-1
367,41,160.52,356.20,99.47,56.09,0.79,17,-1
367,33,236.05,402.03,52.72,60.82,0.84,21,-1
368,40,534.31,88.88,40.09,52.09,0.85,3,-1
368,31,425.88,320.08,62.87,48.58,0.88,6,-1
368,32,386.73,295.95,44.64,47.62,0.86,15,-1
368,41,155.78,345.00,101.43,57.02,0.82,17,-1
368,33,235.97,401.77,52.87,60.94,0.84,21,-1
369,40,534.06,88.73,40.43,52.58,0.85,3,-1
369,31,425.95,320.09,62.85,48.59,0.88,6,-1
369,32,386.68,295.95,44.69,47.66,0.86,15,-1
369,41,154.96,337.91,105.40,59.10,0.84,17,-1
369,33,236.13,401.74,52.89,60.92,0.84,21,-1
370,40,534.04,88.46,40.62,52.79,0.85,3,-1
370,31,425.98,320.09,62.80,48.56,0.88,6,-1
370,32,386.69,295.96,44.66,47.62,0.86,15,-1
370,41,154.02,331.00,103.71,57.90,0.80,17,-1
370,33,236.29,401.93,52.76,60.75,0.84,21,-1
371,40,534.38,88.29,40.58,52.66,0.85,3,-1
371,31,425.98,320.09,62.83,48.60,0.88,6,-1
371,32,386.73,295.91,44.67,47.64,0.86,15,-1
371,41,157.31,325.46,104.23,58.03,0.83,17,-1
371,33,236.45,401.98,52.69,60.66,0.85,21,-1
372,40,535.67,88.61,39.75,51.47,0.85,3,-1
372,31,425.98,320.09,62.82,48.61,0.88,6,-1
372,32,386.76,295.89,44.67,47.65,0.86,15,-1
372,41,160.30,316.94,113.65,63.30,0.87,17,-1
372,33,236.56,402.06,52.67,60.67,0.84,21,-1
373,40,536.92,89.12,39.07,50.49,0.85,3,-1
373,31,426.07,320.11,62.65,48.49,0.88,6,-1
373,32,386.79,295.89,44.62,47.59,0.86,15,-1
373,41,170.74,302.62,116.76,65.66,0.78,17,-1
373,33,236.68,402.18,52.53,60.56,0.84,21,-1
374,40,538.78,89.46,38.19,49.24,0.85,3,-1
374,31,426.06,320.09,62.65,48.50,0.88,6,-1
374,32,386.82,295.87,44.62,47.59,0.86,15,-1
374,41,178.97,289.09,111.48,62.37,0.82,17,-1
374,33,236.80,402.21,52.53,60.66,0.84,21,-1
375,40,541.07,89.46,37.53,48.10,0.85,3,-1
375,31,426.06,320.06,62.60,48.48,0.88,6,-1
375,32,386.84,295.85,44.60,47.56,0.86,15,-1
375,41,180.71,273.83,116.13,64.96,0.88,17,-1
375,33,236.88,402.22,52.55,60.78,0.83,21,-1
376,40,543.65,88.89,37.52,47.77,0.85,3,-1
376,31,426.13,320.03,62.60,48.50,0.88,6,-1
376,32,386.84,295.86,44.57,47.53,0.86,15,-1
376,41,183.98,258.38,123.03,69.06,0.88,17,-1
376,33,236.67,402.18,52.83,61.19,0.83,21,-1
377,40,546.34,88.91,37.19,47.07,0.87,3,-1
377,31,426.15,320.04,62.63,48.51,0.88,6,-1
377,32,386.83,295.85,44.58,47.52,0.86,15,-1
377,41,194.59,239.47,124.53,70.33,0.90,17,-1
377,33,236.67,402.18,52.89,61.34,0.83,21,-1
378,40,551.10,89.69,37.19,46.79,0.86,3,-1
378,31,426.10,319.95,62.72,48.56,0.88,6,-1
378,32,386.81,295.86,44.52,47.46,0.86,15,-1
378,33,236.54,402.20,52.98,61.47,0.83,21,-1
379,40,555.25,90.60,36.52,45.53,0.86,3,-1
379,31,426.04,319.86,62.88,48.69,0.88,6,-1
379,32,386.75,295.82,44.55,47.48,0.85,15,-1
379,42,238.72,174.81,124.06,69.62,0.90,17,-1
379,33,236.54,402.70,52.23,60.60,0.83,21,-1
380,40,560.59,92.09,35.45,43.86,0.84,3,-1
380,31,426.04,319.77,62.98,48.82,0.88,6,-1
380,32,386.65,295.87,44.70,47.63,0.85,15,-1
380,33,236.61,402.91,51.87,60.16,0.83,21,-1
381,40,565.65,92.67,35.48,43.65,0.83,3,-1
381,31,426.01,319.69,63.07,48.95,0.88,6,-1
381,32,386.57,295.96,44.72,47.64,0.85,15,-1
381,43,281.99,138.00,127.34,66.00,0.90,17,-1
381,33,236.68,403.08,51.64,59.90,0.83,21,-1
382,40,570.39,91.97,34.91,42.66,0.84,3,-1
382,31,426.04,319.67,63.05,48.99,0.88,6,-1
382,32,386.44,295.92,45.08,48.04,0.85,15,-1
382,33,236.67,403.17,51.65,59.89,0.83,21,-1
383,40,577.45,89.11,34.04,41.08,0.85,3,-1
383,31,426.15,319.65,62.85,48.89,0.88,6,-1
383,32,386.45,295.89,45.01,47.96,0.85,15,-1
383,33,236.69,403.22,51.63,59.88,0.82,21,-1
384,40,581.87,86.77,34.08,40.67,0.84,3,-1
384,31,426.22,319.62,62.72,48.83,0.88,6,-1
384,32,386.51,295.82,45.09,48.06,0.85,15,-1
384,45,377.29,89.01,111.54,61.93,0.90,17,-1
384,33,236.88,403.37,51.37,59.57,0.82,21,-1
385,40,585.26,84.83,33.97,40.12,0.85,3,-1
385,31,426.26,319.65,62.65,48.82,0.88,6,-1
385,32,386.61,295.80,45.11,48.09,0.85,15,-1
385,45,397.56,84.59,104.70,58.27,0.90,17,-1
385,33,237.01,403.41,51.28,59.48,0.82,21,-1
386,40,587.58,82.92,33.68,39.31,0.84,3,-1
386,31,426.29,319.70,62.57,48.81,0.88,6,-1
386,32,386.63,295.79,45.17,48.18,0.85,15,-1
386,45,417.80,80.10,101.84,57.06,0.89,17,-1
386,33,237.03,403.46,51.29,59.46,0.82,21,-1
387,40,589.21,81.01,34.32,39.72,0.85,3,-1
387,31,426.85,319.87,61.90,48.26,0.88,6,-1
387,32,386.63,295.77,45.16,48.19,0.85,15,-1
387,45,435.13,74.50,97.53,55.45,0.89,17,-1
387,33,235.84,403.67,52.17,60.46,0.82,21,-1
388,40,592.13,77.54,35.29,40.52,0.85,3,-1
388,31,426.96,319.93,61.90,48.25,0.88,6,-1
388,32,386.63,295.80,45.13,48.16,0.85,15,-1
388,33,235.36,403.58,52.28,60.52,0.82,21,-1
389,40,594.51,75.59,35.37,40.28,0.83,3,-1
389,46,490.71,61.06,41.80,52.69,0.58,3,-1
389,31,426.43,319.82,62.37,48.67,0.88,6,-1
389,32,386.67,295.80,45.07,48.10,0.85,15,-1
389,33,235.36,403.78,52.02,60.18,0.82,21,-1
390,40,595.80,74.22,34.84,39.35,0.84,3,-1
390,46,488.35,59.03,49.05,61.89,0.01,3,-1
390,31,426.26,319.78,62.57,48.84,0.88,6,-1
390,32,386.68,295.83,45.04,48.10,0.86,15,-1
390,33,235.46,403.92,52.23,60.46,0.82,21,-1
391,40,596.91,73.07,35.23,39.53,0.85,3,-1
391,46,498.92,58.92,43.85,55.25,0.48,3,-1
391,31,426.13,319.69,62.73,48.99,0.88,6,-1
391,32,386.73,295.83,44.99,48.05,0.85,15,-1
391,33,235.50,403.80,52.14,60.36,0.82,21,-1
392,40,597.44,71.94,35.91,40.00,0.83,3,-1
392,46,504.98,58.61,45.64,57.67,0.15,3,-1
392,31,426.09,319.66,62.84,49.10,0.88,6,-1
392,32,386.74,295.83,44.99,48.06,0.86,15,-1
392,33,235.46,403.73,52.24,60.49,0.83,21,-1
393,40,598.40,70.77,35.01,38.76,0.85,3,-1
393,46,503.88,61.21,60.50,77.85,0.04,3,-1
393,31,426.14,319.71,62.77,49.07,0.88,6,-1
393,32,386.77,295.85,44.96,48.03,0.86,15,-1
393,33,235.40,403.58,52.48,60.77,0.83,21,-1
394,40,598.58,69.89,34.45,37.89,0.85,3,-1
394,31,426.14,319.76,62.71,49.03,0.88,6,-1
394,32,386.75,295.88,44.91,47.99,0.86,15,-1
394,33,235.40,403.56,52.52,60.84,0.83,21,-1
395,40,598.03,68.73,35.05,38.43,0.85,3,-1
395,31,426.17,319.78,62.57,48.92,0.88,6,-1
395,32,386.75,295.92,44.90,47.99,0.86,15,-1
395,33,235.41,403.52,52.57,60.91,0.83,21,-1
396,40,598.17,67.75,35.32,38.71,0.82,3,-1
396,31,426.26,319.81,62.52,48.88,0.88,6,-1
396,32,386.76,295.97,44.89,47.98,0.86,15,-1
396,33,235.47,403.46,52.63,61.00,0.82,21,-1
397,40,601.56,64.78,36.15,40.05,0.32,3,-1
397,31,426.36,319.84,62.58,48.94,0.88,6,-1
397,32,386.72,295.97,44.94,48.02,0.86,15,-1
397,33,235.49,403.36,52.73,61.16,0.83,21,-1
398,31,426.51,319.81,62.76,49.12,0.88,6,-1
398,32,386.74,296.03,44.98,48.06,0.86,15,-1
398,33,235.32,403.26,53.10,61.67,0.82,21,-1
399,31,426.60,319.67,63.00,49.37,0.88,6,-1
399,32,386.61,295.97,45.33,48.43,0.85,15,-1
399,33,235.15,403.27,53.01,61.54,0.83,21,-1
400,31,426.41,319.71,62.67,49.32,0.87,6,-1
400,32,389.08,302.12,41.27,43.25,0.82,15,-1
400,33,235.48,403.46,52.43,60.98,0.83,21,-1
