66,415,273.50,341.68,60.50,105.42,0.53,4,-1
66,416,274.90,335.00,48.16,80.75,0.31,4,-1
66,417,31.26,315.82,103.47,106.29,0.32,15,-1
66,418,98.38,325.39,136.65,116.91,0.40,23,-1
71,419,125.61,11.38,127.27,147.50,0.06,3,-1
85,418,98.65,327.92,132.73,113.64,0.02,23,-1
87,420,173.54,29.91,47.52,65.05,0.66,3,-1
88,420,170.59,32.89,45.09,61.27,0.82,3,-1
89,420,165.14,32.25,45.15,61.34,0.09,3,-1
100,422,169.95,20.20,58.49,69.26,0.19,3,-1
101,422,170.61,19.90,59.73,70.70,0.27,3,-1
102,422,170.63,20.32,61.51,72.73,0.15,3,-1
103,422,168.42,17.20,66.36,78.46,0.08,3,-1
104,422,171.87,18.58,66.38,78.60,0.43,3,-1
105,422,174.09,18.08,69.07,81.81,0.25,3,-1
106,422,178.90,19.54,67.92,80.65,0.46,3,-1
107,422,183.33,15.59,70.98,84.85,0.23,3,-1
108,422,186.42,8.31,76.76,92.88,0.45,3,-1
109,422,193.43,5.61,80.38,98.90,0.37,3,-1
110,422,199.32,3.26,82.05,102.92,0.70,3,-1
111,422,204.09,1.40,83.07,106.62,0.72,3,-1
111,423,212.65,39.43,52.59,68.05,0.25,3,-1
112,422,208.49,3.48,81.03,106.85,0.52,3,-1
113,422,215.61,7.32,78.67,105.58,0.14,3,-1
120,418,103.26,327.63,128.31,110.26,0.01,23,-1
125,424,284.68,241.36,46.29,40.78,0.73,3,-1
127,425,285.54,212.61,41.32,35.91,0.52,3,-1
128,426,285.34,197.63,44.16,36.30,0.10,6,-1
129,427,263.40,8.38,76.79,34.96,0.05,3,-1
130,427,260.23,5.62,74.91,34.22,0.02,3,-1
130,428,285.57,157.81,32.98,33.13,0.68,3,-1
131,427,255.52,1.65,75.04,34.42,0.06,3,-1
132,427,255.37,-0.31,66.06,30.28,0.06,3,-1
133,427,253.51,-0.26,57.97,26.17,0.51,3,-1
133,430,266.37,124.31,36.71,42.67,0.32,3,-1
134,427,252.09,-0.15,47.57,21.11,0.01,3,-1
135,427,244.87,0.43,56.32,25.15,0.36,3,-1
135,432,243.32,-0.37,46.62,26.62,0.02,3,-1
136,427,245.19,0.50,52.26,23.55,0.04,3,-1
136,432,238.57,0.07,44.65,25.28,0.11,3,-1
138,423,199.54,35.96,45.05,57.98,0.01,3,-1
138,432,234.44,1.03,56.60,32.46,0.04,3,-1
139,427,234.25,0.14,48.63,21.76,0.01,3,-1
140,433,156.98,2.58,62.28,79.54,0.65,3,-1
141,433,151.28,1.61,60.91,77.80,0.59,3,-1
142,433,143.44,1.53,59.65,75.98,0.63,3,-1
143,433,141.13,-0.58,57.18,72.27,0.22,3,-1
144,433,141.50,2.50,50.84,63.39,0.43,3,-1
145,433,136.86,0.03,53.00,65.26,0.55,3,-1
145,434,135.39,50.90,24.98,29.08,0.35,3,-1
146,433,134.74,2.22,51.50,62.26,0.30,3,-1
146,434,129.80,50.92,25.60,29.83,0.11,3,-1
147,433,133.89,2.94,52.10,62.35,0.36,3,-1
147,434,124.71,48.46,26.68,31.15,0.19,3,-1
148,433,131.32,3.26,53.11,63.01,0.52,3,-1
148,434,123.06,48.93,24.88,29.08,0.04,3,-1
149,433,128.01,3.27,54.15,63.85,0.49,3,-1
150,433,124.36,2.19,55.81,65.07,0.26,3,-1
151,433,121.07,2.22,56.77,65.83,0.76,3,-1
152,433,118.07,1.25,60.04,68.93,0.30,3,-1
153,433,116.17,2.22,61.63,70.88,0.44,3,-1
154,433,118.20,2.51,61.15,71.55,0.02,3,-1
155,433,109.40,3.90,58.82,68.55,0.33,3,-1
155,418,103.61,326.98,127.89,110.38,0.01,23,-1
156,433,106.63,4.12,54.87,63.03,0.28,3,-1
157,433,104.54,2.86,49.77,55.50,0.04,3,-1
157,418,104.02,326.81,127.33,110.39,0.01,23,-1
158,418,104.31,326.73,126.87,110.48,0.01,23,-1
159,418,104.32,326.67,126.53,110.60,0.02,23,-1
160,418,104.53,326.63,126.11,110.66,0.02,23,-1
161,418,104.74,326.64,125.71,110.71,0.02,23,-1
162,418,105.10,326.61,125.27,110.74,0.01,23,-1
163,418,105.09,326.51,125.06,110.92,0.02,23,-1
164,433,84.62,2.24,65.28,73.33,0.71,3,-1
164,418,105.44,326.49,124.59,110.83,0.02,23,-1
165,433,82.22,1.28,66.80,74.11,0.81,3,-1
165,418,105.95,326.51,124.01,110.65,0.02,23,-1
166,433,81.96,0.44,68.03,74.65,0.66,3,-1
166,418,106.21,326.57,123.55,110.52,0.02,23,-1
167,433,86.95,1.79,66.26,72.75,0.72,3,-1
167,436,105.60,37.09,46.86,37.09,0.65,3,-1
167,418,106.36,326.56,123.27,110.52,0.02,23,-1
168,433,91.04,1.71,65.37,72.19,0.77,3,-1
168,436,104.59,35.07,48.27,38.17,0.72,3,-1
168,418,106.50,326.62,122.93,110.43,0.02,23,-1
169,433,94.35,1.79,63.91,70.28,0.73,3,-1
169,436,104.74,33.65,46.09,36.24,0.43,3,-1
169,418,106.68,326.69,122.60,110.36,0.01,23,-1
170,433,95.47,1.58,61.75,67.45,0.79,3,-1
170,436,102.03,28.36,49.80,39.02,0.06,3,-1
170,418,106.93,326.71,122.27,110.28,0.02,23,-1
171,433,97.79,1.19,58.86,63.44,0.82,3,-1
171,418,106.97,326.72,122.13,110.35,0.01,23,-1
172,433,100.33,1.08,56.52,59.85,0.83,3,-1
172,422,457.20,8.33,104.03,129.78,0.05,3,-1
172,418,107.24,326.75,121.88,110.34,0.01,23,-1
173,433,99.96,1.99,54.81,56.00,0.71,3,-1
173,422,457.44,6.44,106.99,125.78,0.09,3,-1
173,436,93.02,15.13,52.62,41.51,0.12,3,-1
173,418,107.50,326.80,121.64,110.32,0.01,23,-1
174,433,101.91,1.71,52.32,50.95,0.78,3,-1
174,422,449.23,6.35,116.90,133.93,0.07,3,-1
174,418,107.50,326.83,121.50,110.35,0.01,23,-1
175,433,99.86,1.21,47.86,45.98,0.80,3,-1
175,422,445.38,7.35,118.20,132.26,0.18,3,-1
175,418,107.63,326.84,121.34,110.38,0.01,23,-1
176,433,99.77,0.33,44.58,42.24,0.83,3,-1
176,422,442.46,6.15,121.40,134.01,0.12,3,-1
176,418,107.75,326.89,121.11,110.35,0.01,23,-1
177,433,102.05,0.48,41.97,38.85,0.84,3,-1
177,422,438.99,4.69,124.35,135.94,0.31,3,-1
177,418,107.74,326.91,121.02,110.42,0.01,23,-1
178,433,105.50,0.29,40.47,36.85,0.84,3,-1
178,422,433.06,2.24,128.45,140.35,0.36,3,-1
178,418,107.89,326.95,120.81,110.40,0.01,23,-1
179,433,110.81,0.31,36.97,31.77,0.79,3,-1
180,433,115.47,0.44,35.15,28.43,0.73,3,-1
181,433,118.67,0.53,33.30,25.52,0.75,3,-1
181,422,436.22,30.82,107.95,110.29,0.04,3,-1
182,433,122.48,0.59,32.51,23.33,0.49,3,-1
182,423,166.07,0.04,58.06,72.29,0.28,3,-1
183,433,126.15,0.38,30.64,20.96,0.72,3,-1
183,423,165.56,0.19,57.79,65.77,0.44,3,-1
184,433,131.04,0.36,28.07,18.05,0.62,3,-1
184,423,170.51,0.37,53.84,56.27,0.12,3,-1
185,423,176.41,-0.04,49.76,49.18,0.05,3,-1
211,418,105.64,326.63,122.66,112.26,0.01,23,-1
214,418,105.55,326.76,122.47,112.16,0.01,23,-1
215,418,105.10,326.82,122.96,112.72,0.02,23,-1
216,418,104.38,326.58,123.15,112.76,0.01,23,-1
217,418,104.03,326.57,123.16,112.66,0.01,23,-1
218,418,104.07,326.53,123.09,112.47,0.01,23,-1
219,418,104.18,326.65,122.88,112.20,0.01,23,-1
220,418,104.11,326.59,123.02,112.27,0.01,23,-1
221,418,103.71,326.58,123.24,112.36,0.01,23,-1
222,418,103.67,326.73,123.23,112.27,0.01,23,-1
223,418,103.52,326.69,123.28,112.21,0.02,23,-1
224,418,103.77,326.97,122.95,111.80,0.02,23,-1
225,418,103.54,326.92,123.22,111.96,0.01,23,-1
226,418,103.16,326.98,123.35,111.93,0.01,23,-1
227,418,102.69,326.93,123.80,112.19,0.01,23,-1
228,418,102.66,326.90,123.92,112.16,0.02,23,-1
229,418,102.65,326.94,123.90,111.97,0.02,23,-1
230,418,102.39,326.82,124.33,112.23,0.01,23,-1
231,418,102.13,326.85,124.71,112.41,0.01,23,-1
232,418,101.90,326.93,124.90,112.36,0.01,23,-1
233,418,101.69,326.89,125.20,112.46,0.02,23,-1
234,418,101.02,326.14,126.38,113.40,0.01,23,-1
235,418,100.95,326.08,126.59,113.49,0.02,23,-1
236,418,100.96,326.53,126.41,113.15,0.02,23,-1
238,438,188.25,254.73,48.07,46.84,0.75,3,-1
240,439,217.26,213.24,52.53,43.52,0.84,3,-1
242,440,246.62,180.73,62.72,51.29,0.85,3,-1
245,442,302.67,122.69,51.40,59.62,0.85,3,-1
246,442,311.59,117.70,43.24,50.10,0.85,3,-1
248,443,344.02,99.83,33.58,35.82,0.85,3,-1
250,444,386.57,81.33,37.44,36.94,0.85,3,-1
252,445,410.08,73.14,38.32,40.17,0.81,3,-1
253,445,418.58,70.74,37.72,39.56,0.82,3,-1
255,446,448.89,69.22,29.48,31.59,0.79,3,-1
255,447,438.09,39.41,41.80,57.03,0.10,3,-1
256,446,456.27,69.25,27.52,29.41,0.80,3,-1
256,447,438.25,36.79,42.22,57.60,0.10,3,-1
257,446,463.46,68.37,26.59,28.30,0.81,3,-1
258,446,468.92,67.75,25.96,27.51,0.84,3,-1
259,446,475.83,65.27,25.35,26.72,0.83,3,-1
260,446,479.29,61.41,26.35,27.66,0.82,3,-1
261,446,481.79,56.23,28.60,30.08,0.81,3,-1
262,446,486.28,54.07,27.72,29.00,0.80,3,-1
263,446,488.99,52.18,27.95,29.12,0.82,3,-1
264,446,494.76,50.74,28.46,29.70,0.79,3,-1
265,446,500.60,51.70,27.08,28.18,0.77,3,-1
266,446,505.24,53.46,26.59,27.59,0.78,3,-1
267,446,509.55,55.97,26.17,27.15,0.80,3,-1
268,446,513.12,58.78,27.08,28.13,0.72,3,-1
270,448,523.79,75.49,25.85,46.72,0.66,3,-1
270,449,523.97,73.50,27.07,30.53,0.43,3,-1
271,448,528.04,79.31,22.40,40.07,0.59,3,-1
272,448,536.68,83.47,16.79,29.46,0.62,3,-1
274,451,538.59,88.57,27.57,28.79,0.06,3,-1
275,451,539.10,91.99,26.32,27.48,0.36,3,-1
276,451,540.12,92.02,26.24,27.46,0.25,3,-1
277,451,537.80,90.71,28.12,29.37,0.07,3,-1
278,451,538.91,90.03,26.80,28.01,0.02,3,-1
279,451,536.06,86.29,30.10,31.60,0.15,3,-1
280,451,532.24,82.92,32.51,34.15,0.01,3,-1
280,452,471.03,38.42,91.37,92.12,0.31,3,-1
281,451,529.44,80.15,34.04,35.89,0.07,3,-1
281,452,469.96,41.78,85.05,85.63,0.15,3,-1
282,451,526.58,79.26,36.31,38.27,0.25,3,-1
282,452,470.70,43.37,82.77,83.04,0.13,3,-1
282,453,534.84,82.63,27.87,31.48,0.02,3,-1
283,451,527.52,76.89,33.05,34.81,0.03,3,-1
283,452,468.73,46.78,74.20,74.45,0.03,3,-1
284,451,521.25,72.89,33.89,35.40,0.02,3,-1
284,454,442.86,7.04,142.86,121.76,0.57,3,-1
284,449,528.61,71.95,24.14,26.76,0.07,3,-1
285,451,515.06,67.52,36.21,37.71,0.15,3,-1
285,454,455.75,4.63,121.01,103.50,0.08,3,-1
285,449,524.68,67.67,26.42,29.43,0.02,3,-1
285,452,462.16,35.24,95.30,96.04,0.03,3,-1
286,451,511.12,61.85,36.10,37.44,0.18,3,-1
286,449,520.27,63.18,26.64,29.35,0.11,3,-1
286,452,468.31,49.33,81.54,81.18,0.10,3,-1
287,451,503.72,57.09,38.20,38.87,0.11,3,-1
287,449,515.21,58.71,28.70,31.16,0.02,3,-1
287,452,467.73,52.82,75.92,74.64,0.31,3,-1
288,451,499.19,52.45,39.55,39.60,0.23,3,-1
288,452,465.79,50.71,74.41,72.41,0.39,3,-1
289,451,495.94,45.48,38.23,37.93,0.04,3,-1
289,452,450.72,19.76,102.67,101.51,0.53,3,-1
290,451,488.45,41.46,41.47,40.36,0.25,3,-1
290,452,453.96,29.06,88.87,86.90,0.24,3,-1
294,455,283.19,108.16,35.69,66.22,0.01,3,-1
295,455,285.56,114.93,35.82,65.48,0.02,3,-1
296,456,306.59,138.71,42.51,78.86,0.73,3,-1
297,456,308.59,145.57,39.93,73.46,0.02,3,-1
297,418,102.17,327.18,125.01,111.75,0.01,23,-1
298,457,319.37,163.75,38.46,69.18,0.74,3,-1
299,418,101.06,327.51,125.85,112.08,0.02,23,-1
300,415,280.26,349.76,56.04,96.75,0.08,4,-1
300,418,105.63,341.74,114.79,99.98,0.02,23,-1
